{
 "cells": [
  {
   "cell_type": "code",
   "execution_count": 2,
   "metadata": {},
   "outputs": [],
   "source": [
    "import h5py\n",
    "import cv2\n",
    "import warp_norm\n",
    "import matplotlib\n",
    "import sys\n",
    "sys.path.append(\"./FaceAlignment\")\n",
    "import face_alignment\n",
    "from skimage import io\n",
    "import cv2\n",
    "import numpy as np\n",
    "import torch\n",
    "import matplotlib.pyplot as plt\n",
    "from model import gaze_network\n",
    "from torchvision import transforms\n",
    "import utils\n",
    "import pickle\n",
    "import pandas as pd\n",
    "\n",
    "with open('./gaze_pred.pkl', 'rb') as fo:\n",
    "    tinydict = pickle.load(fo, encoding='bytes')"
   ]
  },
  {
   "cell_type": "code",
   "execution_count": 3,
   "metadata": {},
   "outputs": [
    {
     "name": "stdout",
     "output_type": "stream",
     "text": [
      "[1, 2, 3, 4, 5, 6, 7, 8, 9, 10, 11, 12, 13, 14, 15, 16, 17, 18, 19, 20, 21, 22, 23, 24, 25, 26, 27, 28, 29, 30, 31, 32, 33, 34, 35, 36, 37, 38, 39, 40, 41, 42, 43, 44, 45, 46, 47, 48, 49, 50, 51, 52, 53, 54, 55, 56, 57, 58, 59, 60, 61, 62, 63, 64, 65, 66, 67, 68, 69, 70, 71, 72, 73, 74, 75, 76, 77, 78, 79, 80, 81, 82, 83, 84, 85, 86, 87, 88, 89, 90, 91, 92, 93, 94, 95, 96, 97, 98, 99, 100, 101, 102, 104, 105, 106, 107, 108, 109, 110, 111, 112, 113, 114, 115, 116, 117, 118, 120, 121, 122, 123, 124, 125, 126, 127, 128, 129, 130, 131, 132, 133, 134, 135, 136, 137, 138, 139, 140, 141, 142, 143, 144, 145, 146, 147, 148, 149, 150, 151, 152, 153, 154, 155, 156, 157, 158, 159, 160, 161, 162, 163, 164, 165, 166, 167, 168, 169, 170, 171, 172, 173, 174, 175, 176, 177, 178, 179, 180, 181, 182, 183, 184, 185, 186, 187, 188, 189, 190, 191, 192, 193, 194, 195, 196, 197, 199, 200, 201, 202, 203, 205, 207, 208, 209, 210, 211, 212, 213, 214, 215, 216, 217, 218, 219, 220, 221, 222, 223, 224, 225, 226, 227, 228, 229, 230, 231, 232, 233, 234, 235, 236, 237, 238, 239, 240, 241, 242, 243, 244, 245, 246, 247, 248, 249, 250, 251, 252, 253, 254, 255, 256, 257, 258, 259, 260, 261, 262, 263, 264, 265, 266, 267, 268, 269, 270, 271, 272, 273, 274, 275, 276, 277, 278, 279, 280, 281, 282, 283, 284, 285, 287, 301, 302, 303, 304, 305, 306, 307, 308, 309, 310, 311, 312, 313, 314, 315, 316, 317, 318, 319, 320, 321, 322, 323, 324, 325, 326, 327, 328, 329, 330, 331, 332, 333, 334, 335, 336, 337, 338, 339, 340, 341, 342, 343, 344, 345, 346, 347, 348, 349, 350, 351, 352, 353, 354, 355, 356, 357, 358, 359, 360, 361, 362, 363, 364, 365, 366, 367, 368, 369, 370, 371, 372, 373, 374, 375, 376, 377, 378, 379, 380, 381, 382, 383, 384, 385, 386, 387, 388, 389, 390, 391, 392, 393, 394, 395, 396, 397, 398, 399, 400, 401, 402, 403, 404, 405, 406, 407, 408, 409, 410, 411, 412, 413, 414, 415, 416, 417, 418, 419, 420, 421, 422, 423, 424, 425, 426, 427, 428, 429, 430, 431, 432, 433, 434, 435, 436, 437, 438, 439, 440, 441, 442, 443, 444, 445, 446, 447, 448, 449, 450, 451, 452, 453, 454, 455, 456, 457, 458, 459, 460, 461, 462, 463, 464, 465, 466, 467, 468, 469, 471, 472, 473, 474, 475, 476, 477, 478, 479, 480, 481, 482, 483, 484, 485, 486, 487, 488, 489, 490, 491, 492, 493, 494, 495, 496, 497, 498, 499, 500, 501, 502, 503, 504, 507, 508, 509, 510, 511, 512, 515, 516, 517, 518, 519, 520, 521, 522, 523, 524, 525, 526, 527, 528, 529, 530, 531, 532, 533, 534, 535, 536, 537, 538, 539, 540, 544, 546, 547, 548, 549, 550, 551, 552, 553, 554, 555, 556, 557, 558, 559, 560, 561, 562, 563, 564, 565, 566, 567, 568, 569, 570, 571, 572, 573, 574, 575, 576, 577, 578, 579, 580, 581, 582, 583, 584, 585, 586, 587, 588, 589, 590, 591, 592, 595, 596, 597, 598, 599, 600, 601, 602, 603, 604, 605, 606, 607, 608, 609, 610, 611, 612, 613, 614, 615, 616, 617, 618, 619, 620, 621, 622, 623, 624, 625, 626, 627, 628, 629, 630, 631, 632, 633, 634, 635, 636, 637, 638, 639, 640, 641, 642, 643, 644, 645, 646, 647, 649, 664, 665, 666, 668, 669, 672, 674, 676, 678, 684, 689, 690, 692, 693, 695, 697, 698, 699, 700, 748, 749, 750, 752, 753, 754, 755, 756, 757, 758, 759, 760, 761, 762, 763, 764, 765, 766, 767, 768, 769, 770, 771, 772, 773, 774, 775, 776, 777, 778, 779, 780, 781, 782, 783, 784, 785, 786, 787, 788, 789, 790, 791, 792, 793, 794, 795, 796, 797, 798, 799, 800]\n"
     ]
    }
   ],
   "source": [
    "file_names = tinydict['file_name']\n",
    "file_dict = []\n",
    "for file_name in file_names:\n",
    "    file_name = str(file_name).strip('()').split(',')\n",
    "    for file in file_name:\n",
    "        file_dict.append(int(file.strip(\"''\").split('/')[6].split('.')[0][19:]))\n",
    "        # print(file.strip(\"''\").split('/')[6].split('.')[0][19:])\n",
    "print(file_dict)"
   ]
  },
  {
   "cell_type": "code",
   "execution_count": 4,
   "metadata": {},
   "outputs": [],
   "source": [
    "with open('/home/hgh/hghData/Datasets/dataset_dict.pkl', 'rb') as fo:\n",
    "    tinydict2 = pickle.load(fo, encoding='bytes')"
   ]
  },
  {
   "cell_type": "code",
   "execution_count": 5,
   "metadata": {},
   "outputs": [
    {
     "name": "stdout",
     "output_type": "stream",
     "text": [
      "[[ 0.99934383 -0.03606395  0.00336276]\n",
      " [ 0.03610734  0.99925146 -0.01388445]\n",
      " [-0.00285951  0.01399676  0.99989795]]\n"
     ]
    }
   ],
   "source": [
    "ground_truth = [[],[],[],[],[],[],[],[]]\n",
    "pred = [[],[],[],[],[],[],[],[]]\n",
    "RMat = [[],[],[],[],[],[],[],[]]\n",
    "for i in range(len(file_dict)):\n",
    "    number = int((file_dict[i] - 1)/100)\n",
    "    ground_truth[number].append(tinydict['label'][i])\n",
    "    pred[number].append(tinydict['pred_gaze'][i])\n",
    "    RMat[number].append(tinydict2[i]['R'])\n",
    "for i in range(len(ground_truth)):\n",
    "    ground_truth[i] = np.vstack(ground_truth[i])\n",
    "    pred[i] = np.vstack(pred[i])\n",
    "print(RMat[0][0])"
   ]
  },
  {
   "cell_type": "code",
   "execution_count": 6,
   "metadata": {},
   "outputs": [
    {
     "name": "stdout",
     "output_type": "stream",
     "text": [
      "[-0.16203392 -0.14296676  0.97637366]\n",
      "[[ 0.99934383 -0.03606395  0.00336276]\n",
      " [ 0.03610734  0.99925146 -0.01388445]\n",
      " [-0.00285951  0.01399676  0.99989795]]\n",
      "[[ 0.99973859 -0.02249691  0.00407825]\n",
      " [ 0.02256111  0.99961019 -0.0164456 ]\n",
      " [-0.00370668  0.01653332  0.99985644]]\n",
      "[[ 0.99983164 -0.01774629  0.00466459]\n",
      " [ 0.01781641  0.99972196 -0.01544613]\n",
      " [-0.00438918  0.01552664  0.99986982]]\n",
      "[[ 0.99965685 -0.02579486  0.00456191]\n",
      " [ 0.02585625  0.99956829 -0.0139534 ]\n",
      " [-0.00420001  0.01406656  0.99989224]]\n",
      "[[ 0.99983171 -0.01708909  0.00667257]\n",
      " [ 0.01721608  0.99966237 -0.01946139]\n",
      " [-0.00633774  0.01957299  0.99978834]]\n",
      "[[ 0.99985343 -0.01577098  0.00666264]\n",
      " [ 0.01588798  0.99971373 -0.01788933]\n",
      " [-0.0063786   0.01799256  0.99981777]]\n",
      "[[ 0.99980547 -0.01829084  0.00738018]\n",
      " [ 0.01846575  0.99953239 -0.02437266]\n",
      " [-0.00693093  0.0245042   0.9996757 ]]\n",
      "[[ 0.99997291  0.00648562  0.00348082]\n",
      " [-0.00640674  0.99973275 -0.02221199]\n",
      " [-0.00362395  0.02218908  0.99974722]]\n",
      "[[ 9.99821443e-01  1.88838325e-02  6.95544795e-04]\n",
      " [-1.88634273e-02  9.99569225e-01 -2.24841022e-02]\n",
      " [-1.11983119e-03  2.24669671e-02  9.99746959e-01]]\n",
      "[[ 9.99961209e-01  8.75051485e-03 -1.00426347e-03]\n",
      " [-8.77126339e-03  9.99698081e-01 -2.29523912e-02]\n",
      " [ 8.03115021e-04  2.29603095e-02  9.99736055e-01]]\n",
      "[[ 0.99999129 -0.00348299  0.00229995]\n",
      " [ 0.00353927  0.99968269 -0.0249398 ]\n",
      " [-0.00221236  0.02494772  0.99968631]]\n",
      "[[ 0.99990914  0.01343994  0.00103997]\n",
      " [-0.01341239  0.99964406 -0.02306224]\n",
      " [-0.00134955  0.02304619  0.99973349]]\n",
      "[[ 9.99766040e-01  2.16215170e-02 -6.11782217e-04]\n",
      " [-2.16301240e-02  9.99422572e-01 -2.62042017e-02]\n",
      " [ 4.48543658e-05  2.62113039e-02  9.99656424e-01]]\n",
      "[[ 0.9999389  -0.01077113  0.00248582]\n",
      " [ 0.01083384  0.99958297 -0.02676777]\n",
      " [-0.00219647  0.02679306  0.99963859]]\n",
      "[[ 0.99950833  0.03108199 -0.00412451]\n",
      " [-0.03117379  0.99921467 -0.02445883]\n",
      " [ 0.00336104  0.02457538  0.99969233]]\n",
      "[[ 0.99988206  0.01414995 -0.0059706 ]\n",
      " [-0.01432424  0.99944016 -0.03023548]\n",
      " [ 0.00553943  0.03031744  0.99952497]]\n",
      "[[ 0.99999358 -0.00326221 -0.00148563]\n",
      " [ 0.00321861  0.99958975 -0.02845987]\n",
      " [ 0.00157786  0.02845491  0.99959383]]\n",
      "[[ 0.9998337   0.01712815 -0.00626143]\n",
      " [-0.0172866   0.99950739 -0.02619452]\n",
      " [ 0.00580968  0.02629841  0.99963725]]\n",
      "[[ 9.99997824e-01  9.40765603e-04  1.86175520e-03]\n",
      " [-8.88470063e-04  9.99610503e-01 -2.78935962e-02]\n",
      " [-1.88727139e-03  2.78918814e-02  9.99609164e-01]]\n",
      "[[ 0.99962495 -0.02671865  0.00600615]\n",
      " [ 0.0268838   0.99920786 -0.02934149]\n",
      " [-0.00521743  0.02949195  0.9995514 ]]\n",
      "[[ 0.9997975  -0.01900776  0.00660772]\n",
      " [ 0.01918782  0.99941393 -0.02834818]\n",
      " [-0.00606502  0.02846923  0.99957627]]\n",
      "[[ 0.99990566  0.01367256  0.00131611]\n",
      " [-0.01363404  0.99957377 -0.02581473]\n",
      " [-0.0016685   0.02579435  0.99966588]]\n",
      "[[ 0.99975259  0.0221676   0.00183259]\n",
      " [-0.0221136   0.99942907 -0.02554442]\n",
      " [-0.0023978   0.02549757  0.99967201]]\n",
      "[[ 0.99996577 -0.00684808  0.00464278]\n",
      " [ 0.00697136  0.999609   -0.02707854]\n",
      " [-0.00445553  0.02710998  0.99962253]]\n",
      "[[ 0.99978028 -0.00341667  0.02068125]\n",
      " [ 0.00386914  0.99975317 -0.02187771]\n",
      " [-0.02060139  0.02195292  0.99954672]]\n",
      "[[ 0.99998135 -0.00336496  0.0050971 ]\n",
      " [ 0.0034872   0.99970187 -0.02416633]\n",
      " [-0.00501426  0.02418366  0.99969496]]\n",
      "[[ 0.99993343 -0.00369077  0.01093194]\n",
      " [ 0.00390358  0.99980205 -0.01950957]\n",
      " [-0.01085777  0.01955095  0.9997499 ]]\n",
      "[[ 0.99988442 -0.01065659  0.01084318]\n",
      " [ 0.01090152  0.99968094 -0.02278555]\n",
      " [-0.01059691  0.02290112  0.99968157]]\n",
      "[[ 0.99989256 -0.0111836   0.00947637]\n",
      " [ 0.01138893  0.99969533 -0.0218986 ]\n",
      " [-0.00922858  0.02200418  0.99971528]]\n",
      "[[ 0.99976567 -0.02113318  0.00469039]\n",
      " [ 0.02124267  0.9994699  -0.0246712 ]\n",
      " [-0.00416652  0.02476506  0.99968462]]\n",
      "[[ 0.9993394  -0.03481527  0.01042377]\n",
      " [ 0.03507853  0.99904004 -0.0262391 ]\n",
      " [-0.00950024  0.02658742  0.99960135]]\n",
      "[[ 0.99992264  0.00589402  0.01095319]\n",
      " [-0.00567543  0.99978622 -0.0198825 ]\n",
      " [-0.01106804  0.0198188   0.99974232]]\n",
      "[[ 0.99933506 -0.03577277  0.00705298]\n",
      " [ 0.03588814  0.99921169 -0.01697201]\n",
      " [-0.00644029  0.01721384  0.99983109]]\n",
      "[[ 9.99830619e-01  7.30717342e-04 -1.83901829e-02]\n",
      " [-1.13451413e-03  9.99758287e-01 -2.19563472e-02]\n",
      " [ 1.83696939e-02  2.19734922e-02  9.99589776e-01]]\n",
      "[[ 0.99971489  0.01080896 -0.02129105]\n",
      " [-0.01119858  0.99977044 -0.01826613]\n",
      " [ 0.02108872  0.01849936  0.99960644]]\n",
      "[[ 0.999807    0.018148    0.00752437]\n",
      " [-0.01803155  0.99972086 -0.01526636]\n",
      " [-0.00779932  0.01512774  0.99985515]]\n",
      "[[ 0.99920453 -0.03782271  0.01263912]\n",
      " [ 0.03811611  0.9989889  -0.02384002]\n",
      " [-0.01172464  0.02430281  0.99963589]]\n",
      "[[ 0.99980365 -0.01629319  0.01127798]\n",
      " [ 0.01657195  0.99954803 -0.02508202]\n",
      " [-0.01086421  0.025264    0.99962178]]\n",
      "[[ 0.9998675  -0.010522    0.01242025]\n",
      " [ 0.01079508  0.99969687 -0.02212791]\n",
      " [-0.01218365  0.02225905  0.99967799]]\n",
      "[[ 0.99966474 -0.02234152  0.01308713]\n",
      " [ 0.02266441  0.99942883 -0.02506685]\n",
      " [-0.01251962  0.02535506  0.99960011]]\n",
      "[[ 0.99994371  0.00642005 -0.00844778]\n",
      " [-0.00663872  0.99963685 -0.02611684]\n",
      " [ 0.00827704  0.02617145  0.9996232 ]]\n",
      "[[ 0.99989093 -0.00846583  0.01210171]\n",
      " [ 0.00873867  0.99970474 -0.02267319]\n",
      " [-0.01190619  0.02277647  0.99966968]]\n",
      "[[ 0.99995417 -0.00887518  0.00358898]\n",
      " [ 0.00896202  0.99964847 -0.02495224]\n",
      " [-0.00336627  0.02498326  0.9996822 ]]\n",
      "[[ 0.99959036 -0.02763606  0.00744079]\n",
      " [ 0.02782224  0.99926938 -0.02620356]\n",
      " [-0.00671119  0.02639984  0.99962894]]\n",
      "[[ 0.9998322  -0.01597305  0.00896809]\n",
      " [ 0.01618494  0.99957917 -0.02407357]\n",
      " [-0.00857979  0.02421468  0.99966996]]\n",
      "[[ 0.99991161 -0.01101164  0.00745123]\n",
      " [ 0.01119427  0.99962656 -0.02492829]\n",
      " [-0.00717394  0.0250095   0.99966147]]\n",
      "[[ 0.99994509 -0.00714718  0.00766396]\n",
      " [ 0.00732193  0.99970814 -0.02302216]\n",
      " [-0.00749718  0.02307701  0.99970558]]\n",
      "[[ 0.99992474  0.01220208  0.00127398]\n",
      " [-0.01216974  0.999664   -0.02288616]\n",
      " [-0.00155281  0.02286894  0.99973727]]\n",
      "[[ 0.99963905 -0.02540326  0.0087435 ]\n",
      " [ 0.02562854  0.99931498 -0.02669753]\n",
      " [-0.0080593   0.02691198  0.99960532]]\n",
      "[[ 0.99997368 -0.00417575 -0.00593323]\n",
      " [ 0.00399133  0.99951878 -0.03076159]\n",
      " [ 0.00605883  0.0307371   0.99950914]]\n",
      "[[ 0.99998821  0.00159997  0.00458369]\n",
      " [-0.00148209  0.99967104 -0.02560494]\n",
      " [-0.00462315  0.02559784  0.99966163]]\n",
      "[[ 0.99999307 -0.0031195   0.00203272]\n",
      " [ 0.00316979  0.99967677 -0.02522529]\n",
      " [-0.00195337  0.02523156  0.99967973]]\n",
      "[[ 9.99997192e-01 -5.29114093e-04  2.31011423e-03]\n",
      " [ 5.92920555e-04  9.99615891e-01 -2.77077356e-02]\n",
      " [-2.29456635e-03  2.77090275e-02  9.99613398e-01]]\n",
      "[[ 9.99975193e-01  6.99076795e-03  8.61680493e-04]\n",
      " [-6.96184860e-03  9.99527736e-01 -2.99305482e-02]\n",
      " [-1.07051107e-03  2.99238068e-02  9.99551609e-01]]\n",
      "[[ 0.99992178 -0.01166441  0.00451466]\n",
      " [ 0.01179338  0.99948991 -0.02967895]\n",
      " [-0.00416617  0.02972987  0.99954929]]\n",
      "[[ 0.99998911  0.00400341  0.00239948]\n",
      " [-0.00394136  0.99967147 -0.02532606]\n",
      " [-0.00250008  0.02531632  0.99967636]]\n",
      "[[ 0.99998705 -0.00465662  0.00205304]\n",
      " [ 0.00471341  0.99958031 -0.02858287]\n",
      " [-0.00191908  0.02859218  0.99958932]]\n",
      "[[ 0.99997173 -0.00691272  0.00295848]\n",
      " [ 0.0069953   0.99955838 -0.02888092]\n",
      " [-0.00275753  0.0289008   0.99957848]]\n",
      "[[ 0.99997039  0.00728495  0.00247857]\n",
      " [-0.00719698  0.99940196 -0.03382208]\n",
      " [-0.00272348  0.03380324  0.9994248 ]]\n",
      "[[ 0.99974267  0.02241307  0.00349829]\n",
      " [-0.02230996  0.99938217 -0.02715772]\n",
      " [-0.00410481  0.02707269  0.99962504]]\n",
      "[[ 0.99988746  0.01466232  0.00317562]\n",
      " [-0.01455667  0.99941134 -0.03106579]\n",
      " [-0.00362925  0.03101606  0.9995123 ]]\n",
      "[[ 0.99976334  0.02084626  0.00622122]\n",
      " [-0.02064374  0.99930582 -0.03101145]\n",
      " [-0.00686338  0.03087568  0.99949967]]\n",
      "[[ 0.9995617   0.02940035  0.00346876]\n",
      " [-0.02928623  0.99914098 -0.02931937]\n",
      " [-0.00432778  0.02920493  0.99956408]]\n",
      "[[ 0.99998451  0.00182462  0.00525762]\n",
      " [-0.00166926  0.99956626 -0.02940247]\n",
      " [-0.00530899  0.02939324  0.99955383]]\n",
      "[[ 0.99997406  0.00704022  0.00152289]\n",
      " [-0.00698762  0.99945852 -0.03215337]\n",
      " [-0.00174843  0.03214189  0.99948179]]\n",
      "[[ 0.99965832  0.02587722  0.00369046]\n",
      " [-0.02576631  0.99929062 -0.02746558]\n",
      " [-0.00439857  0.0273611   0.99961594]]\n",
      "[[ 0.99989641  0.01391732  0.00367094]\n",
      " [-0.01379626  0.99941899 -0.03116642]\n",
      " [-0.00410256  0.03111255  0.99950747]]\n",
      "[[ 9.98960967e-01  4.55582767e-02 -1.19566112e-03]\n",
      " [-4.55733091e-02  9.98462127e-01 -3.15666658e-02]\n",
      " [-2.44300549e-04  3.15883573e-02  9.99500933e-01]]\n",
      "[[ 0.99963849  0.02686488  0.00108075]\n",
      " [-0.02682232  0.99922027 -0.02897282]\n",
      " [-0.00185826  0.02893335  0.99957962]]\n",
      "[[ 9.99927149e-01 -1.20254051e-02  1.04240383e-03]\n",
      " [ 1.20529483e-02  9.99398380e-01 -3.25208304e-02]\n",
      " [-6.50700541e-04  3.25310252e-02  9.99470514e-01]]\n",
      "[[ 0.99958642  0.02836613 -0.00472835]\n",
      " [-0.02849237  0.9991674  -0.02920082]\n",
      " [ 0.00389609  0.02932346  0.99956238]]\n",
      "[[ 9.99921840e-01 -1.24884550e-02  5.93124589e-04]\n",
      " [ 1.25004605e-02  9.99494062e-01 -2.92465090e-02]\n",
      " [-2.27580792e-04  2.92516374e-02  9.99572053e-01]]\n",
      "[[ 0.9994846   0.03166483 -0.00527892]\n",
      " [-0.03179217  0.99915381 -0.02609449]\n",
      " [ 0.00444818  0.02624887  0.99964554]]\n",
      "[[ 0.99936195 -0.02950385  0.02012976]\n",
      " [ 0.0299426   0.99931267 -0.02185462]\n",
      " [-0.01947113  0.02244341  0.99955849]]\n",
      "[[ 0.99929577 -0.03311237  0.01765017]\n",
      " [ 0.03346611  0.99923695 -0.02013801]\n",
      " [-0.01696988  0.02071451  0.9996414 ]]\n",
      "[[ 0.99941804 -0.03168177  0.01264341]\n",
      " [ 0.03194408  0.99926661 -0.02111439]\n",
      " [-0.01196519  0.02150599  0.99969712]]\n",
      "[[ 0.99987919 -0.0132552   0.00811853]\n",
      " [ 0.01343969  0.99964263 -0.02310833]\n",
      " [-0.00780932  0.02321465  0.9997    ]]\n",
      "[[ 0.99995077 -0.00636641  0.00761135]\n",
      " [ 0.00653978  0.99971464 -0.02297533]\n",
      " [-0.00746291  0.02302397  0.99970706]]\n",
      "[[ 0.99990316 -0.00812062  0.0113013 ]\n",
      " [ 0.00837722  0.99970388 -0.02284674]\n",
      " [-0.01111243  0.0229392   0.9996751 ]]\n",
      "[[ 0.99952631 -0.02836461  0.01194159]\n",
      " [ 0.02868802  0.99920053 -0.02784419]\n",
      " [-0.01114226  0.02817358  0.99954094]]\n",
      "[[ 0.99989824 -0.00896027  0.01110056]\n",
      " [ 0.00924818  0.99961491 -0.02616289]\n",
      " [-0.01086186  0.02626288  0.99959606]]\n",
      "[[ 0.99959202 -0.02559775  0.01267096]\n",
      " [ 0.02593962  0.99928256 -0.02759534]\n",
      " [-0.01195549  0.02791276  0.99953887]]\n",
      "[[ 0.9996543  -0.0231069   0.01254365]\n",
      " [ 0.02341744  0.99940807 -0.02520171]\n",
      " [-0.01195389  0.02548674  0.99960369]]\n",
      "[[ 0.99981948 -0.01638612  0.00961757]\n",
      " [ 0.01664193  0.99949284 -0.02714973]\n",
      " [-0.00916782  0.02730489  0.99958511]]\n",
      "[[ 0.99950037 -0.0289249   0.01274194]\n",
      " [ 0.02926351  0.99920044 -0.02724219]\n",
      " [-0.01194377  0.02760146  0.99954765]]\n",
      "[[ 0.99991317 -0.00975875  0.00885534]\n",
      " [ 0.00998787  0.99960659 -0.02620911]\n",
      " [-0.00859609  0.02629528  0.99961726]]\n",
      "[[ 0.99981916 -0.01558167  0.01090225]\n",
      " [ 0.01584125  0.999583   -0.0241428 ]\n",
      " [-0.01052152  0.02431114  0.99964907]]\n",
      "[[ 0.99978875  0.02049581  0.00153955]\n",
      " [-0.02046635  0.99964275 -0.01719035]\n",
      " [-0.00189133  0.01715521  0.99985105]]\n",
      "[[ 0.99990708 -0.00958765  0.00969024]\n",
      " [ 0.00982494  0.99964553 -0.02474424]\n",
      " [-0.00944956  0.02483715  0.99964685]]\n",
      "[[ 0.99976377 -0.0187151   0.01105229]\n",
      " [ 0.01901235  0.99944285 -0.02743201]\n",
      " [-0.01053273  0.02763566  0.99956257]]\n",
      "[[ 9.99995797e-01 -8.72934345e-04  2.76461304e-03]\n",
      " [ 9.47283721e-04  9.99634793e-01 -2.70071059e-02]\n",
      " [-2.74002795e-03  2.70096113e-02  9.99631419e-01]]\n",
      "[[ 0.99988027  0.01526518  0.00253495]\n",
      " [-0.01518674  0.99947793 -0.02851713]\n",
      " [-0.00296895  0.02847521  0.99959009]]\n",
      "[[ 0.99996148  0.00639694 -0.00600967]\n",
      " [-0.00654831  0.99965302 -0.02551385]\n",
      " [ 0.00584438  0.02555222  0.9996564 ]]\n",
      "[[ 0.99968953  0.02449802  0.00454903]\n",
      " [-0.02436706  0.99934104 -0.02690214]\n",
      " [-0.00520508  0.02678294  0.99962772]]\n",
      "[[ 0.99980009 -0.0177505   0.00920359]\n",
      " [ 0.01802546  0.9993659  -0.03070643]\n",
      " [-0.0086527   0.03086619  0.99948607]]\n",
      "[[ 0.99986417  0.01552737  0.00552676]\n",
      " [-0.0153602   0.99945835 -0.02910435]\n",
      " [-0.00597568  0.02901551  0.9995611 ]]\n",
      "[[ 0.9999176  -0.00984441  0.00823925]\n",
      " [ 0.0100682   0.99956898 -0.0275769 ]\n",
      " [-0.00796423  0.02765758  0.99958573]]\n",
      "[[ 0.99982236  0.01830539  0.00448957]\n",
      " [-0.0181796   0.99948033 -0.02661896]\n",
      " [-0.0049745   0.02653261  0.99963557]]\n",
      "[[ 0.99957848 -0.0036102  -0.0288066 ]\n",
      " [ 0.00232879  0.99901142 -0.04439327]\n",
      " [ 0.02893839  0.04430748  0.99859873]]\n",
      "[[ 0.99971128 -0.02008166 -0.01319412]\n",
      " [ 0.01946974  0.99879834 -0.04497571]\n",
      " [ 0.01408145  0.04470584  0.99890095]]\n",
      "[[ 0.99931327 -0.03064587 -0.02082856]\n",
      " [ 0.02942302  0.9979589  -0.05667733]\n",
      " [ 0.02252297  0.05602557  0.99817526]]\n",
      "[[ 0.99940184 -0.02289648 -0.02591728]\n",
      " [ 0.02140048  0.99816772 -0.05659703]\n",
      " [ 0.02716566  0.05600854  0.99806065]]\n",
      "[[ 0.99912281  0.00957768 -0.04076616]\n",
      " [-0.01175431  0.99849906 -0.05349261]\n",
      " [ 0.04019264  0.05392486  0.99773577]]\n",
      "[[ 0.99955076  0.00219459 -0.02989073]\n",
      " [-0.00375013  0.99863563 -0.05208469]\n",
      " [ 0.02973564  0.05217339  0.99819524]]\n",
      "[[ 0.99958351 -0.00761575 -0.02783537]\n",
      " [ 0.00622943  0.9987519  -0.04955632]\n",
      " [ 0.02817804  0.04936228  0.99838337]]\n",
      "[[ 0.99948736 -0.01489669 -0.02833929]\n",
      " [ 0.01354146  0.99878292 -0.04742688]\n",
      " [ 0.0290113   0.04701881  0.99847262]]\n",
      "[[ 0.9994476  -0.01682993 -0.0286575 ]\n",
      " [ 0.0153727   0.99861421 -0.05033233]\n",
      " [ 0.02946488  0.04986398  0.99832129]]\n",
      "[[ 0.99947195 -0.00508105 -0.03209374]\n",
      " [ 0.00348107  0.99875744 -0.04971384]\n",
      " [ 0.03230646  0.04957586  0.99824773]]\n",
      "[[ 0.99946787  0.00271865 -0.03250521]\n",
      " [-0.00427576  0.99884153 -0.04793024]\n",
      " [ 0.03233724  0.04804372  0.99832164]]\n",
      "[[ 9.99308741e-01 -1.14480116e-03 -3.71581627e-02]\n",
      " [-8.03874440e-04  9.98626615e-01 -5.23854660e-02]\n",
      " [ 3.71671012e-02  5.23791245e-02  9.97935386e-01]]\n",
      "[[ 0.99917883  0.00610372 -0.04005517]\n",
      " [-0.00813728  0.99867548 -0.05080417]\n",
      " [ 0.03969202  0.05108839  0.99790507]]\n",
      "[[ 0.9988923  -0.04387543 -0.01700345]\n",
      " [ 0.04294619  0.99774278 -0.0516234 ]\n",
      " [ 0.01923007  0.05083598  0.99852186]]\n",
      "[[ 0.99918709 -0.03938866 -0.00858495]\n",
      " [ 0.03892353  0.99804516 -0.04889601]\n",
      " [ 0.01049412  0.04852211  0.99876698]]\n",
      "[[ 0.99948823 -0.02427809 -0.02082923]\n",
      " [ 0.02319284  0.99843694 -0.05085039]\n",
      " [ 0.02203123  0.05034128  0.99848905]]\n",
      "[[ 0.99928599 -0.01003274 -0.03642614]\n",
      " [ 0.00820013  0.99870976 -0.05011567]\n",
      " [ 0.03688194  0.04978119  0.99807893]]\n",
      "[[ 0.99917185 -0.00670657 -0.04013285]\n",
      " [ 0.00458141  0.99859392 -0.05281283]\n",
      " [ 0.04043061  0.05258523  0.99779765]]\n",
      "[[ 0.99920072 -0.01611321 -0.03658249]\n",
      " [ 0.01417487  0.99851295 -0.05264001]\n",
      " [ 0.03737629  0.05207938  0.99794326]]\n",
      "[[ 0.99917504 -0.02757172 -0.02981665]\n",
      " [ 0.02597683  0.99827694 -0.05261514]\n",
      " [ 0.03121596  0.05179719  0.99816963]]\n",
      "[[ 0.99908864  0.011116   -0.0412107 ]\n",
      " [-0.01314434  0.99869855 -0.04927916]\n",
      " [ 0.04060928  0.04977594  0.99793449]]\n",
      "[[ 0.99961311 -0.01793853 -0.02125643]\n",
      " [ 0.01698268  0.99887278 -0.04432557]\n",
      " [ 0.0220276   0.04394743  0.99879097]]\n",
      "[[ 0.99964763 -0.0208968  -0.0163687 ]\n",
      " [ 0.0202154   0.99896518 -0.04074205]\n",
      " [ 0.01720314  0.04039679  0.99903561]]\n",
      "[[ 0.99955922 -0.02277243 -0.01904689]\n",
      " [ 0.02190839  0.99877339 -0.04440432]\n",
      " [ 0.02003472  0.04396746  0.99883205]]\n",
      "[[ 9.99586655e-01 -2.12723170e-03 -2.86704264e-02]\n",
      " [ 8.65523565e-04  9.99033442e-01 -4.39480665e-02]\n",
      " [ 2.87362025e-02  4.39050859e-02  9.98622338e-01]]\n",
      "[[ 9.99444518e-01 -8.96429167e-04 -3.33144534e-02]\n",
      " [-5.58758431e-04  9.99046929e-01 -4.36454064e-02]\n",
      " [ 3.33218274e-02  4.36397768e-02  9.98491475e-01]]\n",
      "[[ 0.99840196 -0.05241162 -0.02113189]\n",
      " [ 0.05108319  0.99694173 -0.05914136]\n",
      " [ 0.02416696  0.05796737  0.99802592]]\n",
      "[[ 0.99924397 -0.01607698 -0.03539813]\n",
      " [ 0.01407299  0.99832305 -0.05615195]\n",
      " [ 0.03624152  0.05561134  0.99779453]]\n",
      "[[ 0.999322   -0.00673928 -0.03619569]\n",
      " [ 0.00472015  0.99844297 -0.05558202]\n",
      " [ 0.03651392  0.05537348  0.99779783]]\n",
      "[[ 0.99888889 -0.00875377 -0.04630725]\n",
      " [ 0.00618144  0.99844491 -0.05540357]\n",
      " [ 0.04672023  0.05505576  0.99738963]]\n",
      "[[ 0.99922188 -0.01344057 -0.03708068]\n",
      " [ 0.01131141  0.99830761 -0.05704361]\n",
      " [ 0.03778463  0.05657979  0.99768284]]\n",
      "[[ 9.98992028e-01 -2.77691638e-03 -4.48019649e-02]\n",
      " [ 2.47555137e-04  9.98410283e-01 -5.63635160e-02]\n",
      " [ 4.48872592e-02  5.62956122e-02  9.97404601e-01]]\n",
      "[[ 0.99926547 -0.03163224 -0.02163134]\n",
      " [ 0.03029301  0.99775883 -0.0596628 ]\n",
      " [ 0.02347013  0.0589637   0.99798419]]\n",
      "[[ 9.99121345e-01 -2.92120542e-03 -4.18091499e-02]\n",
      " [ 3.88133913e-04  9.98170131e-01 -6.04668386e-02]\n",
      " [ 4.19092807e-02  6.03974816e-02  9.97294218e-01]]\n",
      "[[ 0.99883725  0.00550552 -0.04789399]\n",
      " [-0.00801745  0.99859321 -0.05241486]\n",
      " [ 0.04753805  0.0527379   0.99747624]]\n",
      "[[ 0.99931892 -0.01855857 -0.03189474]\n",
      " [ 0.01654401  0.99791997 -0.06230597]\n",
      " [ 0.0329847   0.06173586  0.99754734]]\n",
      "[[ 9.99411624e-01 -2.08750077e-03 -3.42351847e-02]\n",
      " [ 4.91262037e-05  9.98232272e-01 -5.94333974e-02]\n",
      " [ 3.42987335e-02  5.93967464e-02  9.97645039e-01]]\n",
      "[[ 9.98915426e-01  2.70137585e-04 -4.65607100e-02]\n",
      " [-2.87980166e-03  9.98427139e-01 -5.59906755e-02]\n",
      " [ 4.64723513e-02  5.60640350e-02  9.97345048e-01]]\n",
      "[[ 0.99887237  0.00193617 -0.0474367 ]\n",
      " [-0.0047247   0.99826197 -0.05874284]\n",
      " [ 0.04724052  0.05890072  0.99714545]]\n",
      "[[ 0.99866369  0.00770964 -0.05110187]\n",
      " [-0.01065502  0.99828185 -0.05761795]\n",
      " [ 0.05056986  0.05808545  0.99702997]]\n",
      "[[ 9.98951733e-01 -3.32627992e-04 -4.57747039e-02]\n",
      " [-2.11921761e-03  9.98565366e-01 -5.35043745e-02]\n",
      " [ 4.57268310e-02  5.35452942e-02  9.97517899e-01]]\n",
      "[[ 9.98904865e-01 -5.14894629e-05 -4.67874861e-02]\n",
      " [-2.47713196e-03  9.98538661e-01 -5.39852339e-02]\n",
      " [ 4.67218934e-02  5.40420116e-02  9.97444999e-01]]\n",
      "[[ 0.99859659  0.01269448 -0.05141686]\n",
      " [-0.01564517  0.99822879 -0.05739788]\n",
      " [ 0.05059715  0.05812176  0.99702647]]\n",
      "[[ 0.99937486 -0.01515867 -0.03193913]\n",
      " [ 0.01332466  0.99829253 -0.05687243]\n",
      " [ 0.03274671  0.05641129  0.99787044]]\n",
      "[[ 0.99899279 -0.02425528 -0.0377504 ]\n",
      " [ 0.022295    0.99842361 -0.05150955]\n",
      " [ 0.03894027  0.05061603  0.99795875]]\n",
      "[[ 0.9992937  -0.0230464  -0.02968102]\n",
      " [ 0.0216299   0.99865163 -0.04719181]\n",
      " [ 0.0307286   0.04651648  0.99844478]]\n",
      "[[ 0.9992693  -0.00670778 -0.03762818]\n",
      " [ 0.00477029  0.99866954 -0.05134577]\n",
      " [ 0.03792254  0.05112876  0.99797181]]\n",
      "[[ 0.99927629 -0.00868402 -0.03703353]\n",
      " [ 0.00680253  0.99869422 -0.05063182]\n",
      " [ 0.03742486  0.05034326  0.99803053]]\n",
      "[[ 0.99920535 -0.00592403 -0.03941544]\n",
      " [ 0.00395832  0.99875317 -0.04976385]\n",
      " [ 0.0396611   0.04956829  0.99798296]]\n",
      "[[ 9.99086214e-01 -2.57926901e-03 -4.26624361e-02]\n",
      " [ 3.50215138e-04  9.98637959e-01 -5.21737863e-02]\n",
      " [ 4.27388984e-02  5.21111696e-02  9.97726321e-01]]\n",
      "[[ 9.98923356e-01  1.98287420e-04 -4.63906167e-02]\n",
      " [-2.57931761e-03  9.98681423e-01 -5.12714598e-02]\n",
      " [ 4.63192806e-02  5.13359148e-02  9.97606710e-01]]\n",
      "[[ 0.99925976 -0.01279361 -0.03628022]\n",
      " [ 0.01099895  0.99872631 -0.04924207]\n",
      " [ 0.03686399  0.04880658  0.99812773]]\n",
      "[[ 0.9994842  -0.01533353 -0.02821722]\n",
      " [ 0.0138647   0.99857503 -0.0515333 ]\n",
      " [ 0.0289672   0.0511155   0.99827256]]\n",
      "[[ 0.99917068 -0.02319902 -0.03346268]\n",
      " [ 0.02154993  0.99857473 -0.04882733]\n",
      " [ 0.03454773  0.04806572  0.99824653]]\n",
      "[[ 0.99918324 -0.00809885 -0.03958862]\n",
      " [ 0.00619183  0.99882533 -0.04805859]\n",
      " [ 0.03993133  0.04777422  0.99805967]]\n",
      "[[ 9.98997180e-01 -1.59051350e-03 -4.47448897e-02]\n",
      " [-6.54219105e-04  9.98743589e-01 -5.01080285e-02]\n",
      " [ 4.47683692e-02  5.00870521e-02  9.97740989e-01]]\n",
      "[[ 0.99928212 -0.02221286 -0.03068927]\n",
      " [ 0.02064407  0.99850954 -0.05052252]\n",
      " [ 0.03176577  0.0498527   0.99825129]]\n",
      "[[ 0.99943076 -0.02357084 -0.02413662]\n",
      " [ 0.02228561  0.99838797 -0.05219965]\n",
      " [ 0.02532811  0.05163204  0.99834494]]\n",
      "[[ 0.99942857 -0.00599631 -0.03326519]\n",
      " [ 0.00430128  0.99869986 -0.05079463]\n",
      " [ 0.03352653  0.05062252  0.99815496]]\n",
      "[[ 0.99902509 -0.00974072 -0.04305788]\n",
      " [ 0.00746357  0.99858072 -0.05273359]\n",
      " [ 0.04351043  0.05236082  0.9976799 ]]\n",
      "[[ 0.99954397 -0.01898876 -0.02347925]\n",
      " [ 0.01757271  0.99809662 -0.05911288]\n",
      " [ 0.02455704  0.05867333  0.99797515]]\n",
      "[[ 0.99907762 -0.00692143 -0.04237936]\n",
      " [ 0.00452718  0.99840175 -0.05633337]\n",
      " [ 0.04270154  0.05608955  0.99751218]]\n",
      "[[ 0.99832152  0.01789669 -0.05508033]\n",
      " [-0.02086215  0.99833682 -0.05374356]\n",
      " [ 0.05402689  0.05480245  0.9970345 ]]\n",
      "[[ 0.99958737 -0.02151565 -0.01903045]\n",
      " [ 0.02037071  0.99808317 -0.0584381 ]\n",
      " [ 0.0202513   0.05802632  0.99810963]]\n",
      "[[ 0.99955118  0.00586934 -0.02937674]\n",
      " [-0.00752419  0.99837184 -0.05654249]\n",
      " [ 0.02899704  0.05673815  0.99796791]]\n",
      "[[ 0.99944136  0.01064611 -0.0316802 ]\n",
      " [-0.01240592  0.99836033 -0.0558815 ]\n",
      " [ 0.03103333  0.05624331  0.99793468]]\n",
      "[[ 0.99939932  0.01520316 -0.03114265]\n",
      " [-0.01684554  0.99844326 -0.05317224]\n",
      " [ 0.03028578  0.05366492  0.99809962]]\n",
      "[[ 0.99944374  0.01045564 -0.03166857]\n",
      " [-0.0122065   0.99837806 -0.05560808]\n",
      " [ 0.03103578  0.05596371  0.99795032]]\n",
      "[[ 0.99934284  0.00457942 -0.0359572 ]\n",
      " [-0.00660762  0.99838122 -0.05649142]\n",
      " [ 0.0356403   0.05669189  0.99775538]]\n",
      "[[ 0.99891113  0.01360049 -0.04462714]\n",
      " [-0.0160167   0.99839951 -0.05423922]\n",
      " [ 0.04381803  0.05489494  0.99753021]]\n",
      "[[ 0.999505    0.00169538 -0.03141477]\n",
      " [-0.00350549  0.99833044 -0.05765447]\n",
      " [ 0.03126457  0.05773606  0.99784221]]\n",
      "[[ 0.99921294  0.00966445 -0.03847206]\n",
      " [-0.01176449  0.99843136 -0.05473959]\n",
      " [ 0.03788268  0.05514911  0.99775923]]\n",
      "[[ 9.99328305e-01 -3.01957810e-03 -3.65215098e-02]\n",
      " [ 8.40090151e-04  9.98225236e-01 -5.95455448e-02]\n",
      " [ 3.66364952e-02  5.94748670e-02  9.97557270e-01]]\n",
      "[[ 0.99881773 -0.03290509 -0.03578261]\n",
      " [ 0.03075923  0.9977869  -0.05895053]\n",
      " [ 0.03764319  0.05778019  0.99761939]]\n",
      "[[ 0.99896334 -0.01061483 -0.04426705]\n",
      " [ 0.00812158  0.9983906  -0.056127  ]\n",
      " [ 0.04479159  0.05570929  0.99744182]]\n",
      "[[ 0.99892566 -0.01089348 -0.04504287]\n",
      " [ 0.00844032  0.99848907 -0.05429863]\n",
      " [ 0.04556632  0.05386012  0.99750829]]\n",
      "[[ 0.99927649 -0.02440154 -0.02917281]\n",
      " [ 0.02274304  0.99817783 -0.05589073]\n",
      " [ 0.03048347  0.05518681  0.99801061]]\n",
      "[[ 0.99922528 -0.00826403 -0.03847783]\n",
      " [ 0.00604278  0.99832775 -0.05749079]\n",
      " [ 0.03888859  0.05721374  0.99760426]]\n",
      "[[ 0.99927032 -0.00378939 -0.03800605]\n",
      " [ 0.00158798  0.99832772 -0.05778622]\n",
      " [ 0.03816147  0.0576837   0.99760528]]\n",
      "[[ 0.99903628  0.0076623  -0.04321797]\n",
      " [-0.01003836  0.99843411 -0.05503232]\n",
      " [ 0.04272862  0.05541312  0.99754882]]\n",
      "[[ 0.99843033  0.01907328 -0.05266001]\n",
      " [-0.0222766   0.99789348 -0.06092915]\n",
      " [ 0.05138697  0.0620066   0.99675201]]\n",
      "[[ 0.99864078  0.01307926 -0.05045325]\n",
      " [-0.0159506   0.99825048 -0.05693473]\n",
      " [ 0.04962031  0.0576621   0.99710225]]\n",
      "[[ 0.99834274 -0.05615244 -0.01259651]\n",
      " [ 0.05511451  0.9959196  -0.07146013]\n",
      " [ 0.01655777  0.07064745  0.99736391]]\n",
      "[[ 0.99954574 -0.01598926 -0.02554723]\n",
      " [ 0.01426263  0.99769152 -0.06639439]\n",
      " [ 0.02654985  0.06599986  0.99746635]]\n",
      "[[ 9.99399263e-01  9.85114223e-04 -3.46430610e-02]\n",
      " [-3.27825337e-03  9.97801055e-01 -6.61990000e-02]\n",
      " [ 3.45016692e-02  6.62728006e-02  9.97204869e-01]]\n",
      "[[ 9.99200946e-01  3.40203935e-04 -3.99669207e-02]\n",
      " [-2.92469615e-03  9.97905325e-01 -6.46251398e-02]\n",
      " [ 3.98612173e-02  6.46903919e-02  9.97108939e-01]]\n",
      "[[ 0.99892005  0.00867911 -0.04564432]\n",
      " [-0.01165096  0.99780084 -0.06525133]\n",
      " [ 0.04497762  0.06571266  0.99682439]]\n",
      "[[ 0.99899273  0.00613888 -0.04445035]\n",
      " [-0.00896181  0.99793591 -0.06358934]\n",
      " [ 0.04396824  0.06392364  0.99698574]]\n",
      "[[ 0.99881743  0.00741157 -0.04804999]\n",
      " [-0.01042062  0.99797936 -0.06267863]\n",
      " [ 0.04748835  0.06310522  0.99687642]]\n",
      "[[ 0.99879974  0.01457703 -0.04676104]\n",
      " [-0.01747297  0.99791498 -0.0621321 ]\n",
      " [ 0.04575784  0.06287458  0.99697192]]\n",
      "[[ 0.9986827   0.01501866 -0.0490643 ]\n",
      " [-0.01798391  0.99800225 -0.06056473]\n",
      " [ 0.04805668  0.06136732  0.99695768]]\n",
      "[[ 0.99860839  0.01649442 -0.05009216]\n",
      " [-0.0194384   0.9980767  -0.05886461]\n",
      " [ 0.04902488  0.0597564   0.99700839]]\n",
      "[[ 0.99823477  0.02213437 -0.05511274]\n",
      " [-0.02542549  0.99788955 -0.05974943]\n",
      " [ 0.05367391  0.06104522  0.99669082]]\n",
      "[[ 0.99921131 -0.03305975 -0.02199582]\n",
      " [ 0.03185925  0.99809381 -0.05285583]\n",
      " [ 0.02370129  0.05211337  0.99835988]]\n",
      "[[ 0.99940897 -0.02227332 -0.02618432]\n",
      " [ 0.02087955  0.99841059 -0.05234833]\n",
      " [ 0.02730868  0.05177068  0.99828555]]\n",
      "[[ 0.99886702 -0.00966492 -0.04659683]\n",
      " [ 0.0073007   0.99869011 -0.05064358]\n",
      " [ 0.04702526  0.05024602  0.99762917]]\n",
      "[[ 0.99865645 -0.00950455 -0.05094065]\n",
      " [ 0.00697443  0.99874394 -0.04961759]\n",
      " [ 0.05134826  0.04919564  0.99746837]]\n",
      "[[ 0.99896669 -0.01061609 -0.04419107]\n",
      " [ 0.00834631  0.99865179 -0.05123418]\n",
      " [ 0.04467539  0.0508124   0.99770848]]\n",
      "[[ 0.99904078 -0.01407486 -0.04146596]\n",
      " [ 0.01196049  0.998637   -0.05080436]\n",
      " [ 0.0421245   0.05025967  0.99784743]]\n",
      "[[ 0.99982948 -0.01822957  0.0029475 ]\n",
      " [ 0.01825009  0.99980829 -0.00709315]\n",
      " [-0.00281763  0.00714573  0.9999705 ]]\n",
      "[[ 9.95999504e-01 -7.03839604e-02  5.50552921e-02]\n",
      " [ 7.02541900e-02  9.97519891e-01  4.29135996e-03]\n",
      " [-5.52207919e-02 -4.06327439e-04  9.98474085e-01]]\n",
      "[[ 0.99850019 -0.04531205  0.03072774]\n",
      " [ 0.04549841  0.99894986 -0.00539267]\n",
      " [-0.03045111  0.00678264  0.99951324]]\n",
      "[[ 0.998104   -0.0443201   0.04270989]\n",
      " [ 0.0444042   0.99901312 -0.00102181]\n",
      " [-0.04262245  0.00291638  0.99908699]]\n",
      "[[ 0.9986424  -0.03785694  0.03578007]\n",
      " [ 0.03768945  0.99927521  0.00534422]\n",
      " [-0.03595646 -0.00398844  0.9993454 ]]\n",
      "[[ 0.99813705 -0.05176323  0.03229534]\n",
      " [ 0.05169435  0.99865855  0.00296463]\n",
      " [-0.03240547 -0.00128962  0.99947397]]\n",
      "[[ 0.99901224 -0.03476997  0.02766952]\n",
      " [ 0.03518414  0.99927383 -0.01462501]\n",
      " [-0.02714091  0.01558409  0.99951013]]\n",
      "[[ 0.99908274 -0.03466949  0.02513385]\n",
      " [ 0.03504637  0.99927738 -0.0147128 ]\n",
      " [-0.0246056   0.01558016  0.99957582]]\n",
      "[[ 0.99986804 -0.0095129   0.01316851]\n",
      " [ 0.00960886  0.9999276  -0.00724344]\n",
      " [-0.01309865  0.00736902  0.99988706]]\n",
      "[[ 0.99940629 -0.02583977  0.0227898 ]\n",
      " [ 0.02601133  0.99963526 -0.00726367]\n",
      " [-0.02259379  0.00785215  0.99971389]]\n",
      "[[ 0.99953365 -0.01812964  0.02457241]\n",
      " [ 0.01819701  0.99983124 -0.00252071]\n",
      " [-0.02452257  0.00296668  0.99969487]]\n",
      "[[ 9.98889959e-01 -3.46803477e-02  3.18766832e-02]\n",
      " [ 3.46946261e-02  9.99397955e-01  1.05244588e-04]\n",
      " [-3.18611420e-02  1.00082185e-03  9.99491804e-01]]\n",
      "[[ 0.9986606  -0.04059545  0.03207837]\n",
      " [ 0.0407645   0.99915804 -0.0046333 ]\n",
      " [-0.03186328  0.00593475  0.99947462]]\n",
      "[[ 0.99965955 -0.02148657  0.01480228]\n",
      " [ 0.02164423  0.99970981 -0.01057487]\n",
      " [-0.01457077  0.01089166  0.99983452]]\n",
      "[[ 0.99952598 -0.02504808  0.0179    ]\n",
      " [ 0.02523751  0.99962701 -0.01043633]\n",
      " [-0.01763192  0.01088314  0.99978531]]\n",
      "[[ 0.99936551 -0.02667081  0.02360619]\n",
      " [ 0.02682246  0.99962141 -0.00613093]\n",
      " [-0.02343373  0.00676022  0.99970254]]\n",
      "[[ 0.99908241 -0.0364095   0.02255389]\n",
      " [ 0.03650264  0.99932659 -0.0037319 ]\n",
      " [-0.02240282  0.00455175  0.99973866]]\n",
      "[[ 0.99948366 -0.02451261  0.02077382]\n",
      " [ 0.02459711  0.99969014 -0.00382167]\n",
      " [-0.02067371  0.00433067  0.9997769 ]]\n",
      "[[ 0.99922479 -0.03318672  0.02117711]\n",
      " [ 0.03333297  0.99942257 -0.00659071]\n",
      " [-0.02094616  0.0072915   0.99975402]]\n",
      "[[ 0.99918711 -0.03570251  0.01872019]\n",
      " [ 0.03581203  0.99934314 -0.00554815]\n",
      " [-0.01850981  0.00621405  0.99980937]]\n",
      "[[ 0.99948689 -0.02585816  0.01890257]\n",
      " [ 0.02598573  0.99964096 -0.00653462]\n",
      " [-0.01872681  0.00702246  0.99979998]]\n",
