{
 "cells": [
  {
   "cell_type": "code",
   "execution_count": 1,
   "metadata": {},
   "outputs": [],
   "source": [
    "import h5py\n",
    "import cv2\n",
    "import torch\n",
    "import warp_norm\n",
    "import matplotlib\n",
    "import sys\n",
    "sys.path.append(\"./FaceAlignment\")\n",
    "import face_alignment\n",
    "from skimage import io\n",
    "import cv2\n",
    "import numpy as np\n",
    "import torch\n",
    "import matplotlib.pyplot as plt\n",
    "from model import gaze_network\n",
    "from torchvision import transforms\n",
    "import pickle\n",
    "import pandas as pd\n",
    "\n",
    "with open('./gaze_pred.pkl', 'rb') as fo:\n",
    "    tinydict = pickle.load(fo, encoding='bytes')"
   ]
  },
  {
   "cell_type": "code",
   "execution_count": 2,
   "metadata": {},
   "outputs": [
    {
     "name": "stdout",
     "output_type": "stream",
     "text": [
      "[1, 2, 3, 4, 5, 6, 7, 8, 9, 10, 11, 12, 13, 14, 15, 16, 17, 18, 19, 20, 21, 22, 23, 24, 25, 26, 27, 28, 29, 30, 31, 32, 33, 34, 35, 36, 37, 38, 39, 40, 41, 42, 43, 44, 45, 46, 47, 48, 49, 50, 51, 52, 53, 54, 55, 56, 57, 58, 59, 60, 61, 62, 63, 64, 65, 66, 67, 68, 69, 70, 71, 72, 73, 74, 75, 76, 77, 78, 79, 80, 81, 82, 83, 84, 85, 86, 87, 88, 89, 90, 91, 92, 93, 94, 95, 96, 97, 98, 99, 100, 101, 102, 104, 105, 106, 107, 108, 109, 110, 111, 112, 113, 114, 115, 116, 117, 118, 120, 121, 122, 123, 124, 125, 126, 127, 128, 129, 130, 131, 132, 133, 134, 135, 136, 137, 138, 139, 140, 141, 142, 143, 144, 145, 146, 147, 148, 149, 150, 151, 152, 153, 154, 155, 156, 157, 158, 159, 160, 161, 162, 163, 164, 165, 166, 167, 168, 169, 170, 171, 172, 173, 174, 175, 176, 177, 178, 179, 180, 181, 182, 183, 184, 185, 186, 187, 188, 189, 190, 191, 192, 193, 194, 195, 196, 197, 199, 200, 201, 202, 203, 205, 207, 208, 209, 210, 211, 212, 213, 214, 215, 216, 217, 218, 219, 220, 221, 222, 223, 224, 225, 226, 227, 228, 229, 230, 231, 232, 233, 234, 235, 236, 237, 238, 239, 240, 241, 242, 243, 244, 245, 246, 247, 248, 249, 250, 251, 252, 253, 254, 255, 256, 257, 258, 259, 260, 261, 262, 263, 264, 265, 266, 267, 268, 269, 270, 271, 272, 273, 274, 275, 276, 277, 278, 279, 280, 281, 282, 283, 284, 285, 287, 301, 302, 303, 304, 305, 306, 307, 308, 309, 310, 311, 312, 313, 314, 315, 316, 317, 318, 319, 320, 321, 322, 323, 324, 325, 326, 327, 328, 329, 330, 331, 332, 333, 334, 335, 336, 337, 338, 339, 340, 341, 342, 343, 344, 345, 346, 347, 348, 349, 350, 351, 352, 353, 354, 355, 356, 357, 358, 359, 360, 361, 362, 363, 364, 365, 366, 367, 368, 369, 370, 371, 372, 373, 374, 375, 376, 377, 378, 379, 380, 381, 382, 383, 384, 385, 386, 387, 388, 389, 390, 391, 392, 393, 394, 395, 396, 397, 398, 399, 400, 401, 402, 403, 404, 405, 406, 407, 408, 409, 410, 411, 412, 413, 414, 415, 416, 417, 418, 419, 420, 421, 422, 423, 424, 425, 426, 427, 428, 429, 430, 431, 432, 433, 434, 435, 436, 437, 438, 439, 440, 441, 442, 443, 444, 445, 446, 447, 448, 449, 450, 451, 452, 453, 454, 455, 456, 457, 458, 459, 460, 461, 462, 463, 464, 465, 466, 467, 468, 469, 471, 472, 473, 474, 475, 476, 477, 478, 479, 480, 481, 482, 483, 484, 485, 486, 487, 488, 489, 490, 491, 492, 493, 494, 495, 496, 497, 498, 499, 500, 501, 502, 503, 504, 507, 508, 509, 510, 511, 512, 515, 516, 517, 518, 519, 520, 521, 522, 523, 524, 525, 526, 527, 528, 529, 530, 531, 532, 533, 534, 535, 536, 537, 538, 539, 540, 544, 546, 547, 548, 549, 550, 551, 552, 553, 554, 555, 556, 557, 558, 559, 560, 561, 562, 563, 564, 565, 566, 567, 568, 569, 570, 571, 572, 573, 574, 575, 576, 577, 578, 579, 580, 581, 582, 583, 584, 585, 586, 587, 588, 589, 590, 591, 592, 595, 596, 597, 598, 599, 600, 601, 602, 603, 604, 605, 606, 607, 608, 609, 610, 611, 612, 613, 614, 615, 616, 617, 618, 619, 620, 621, 622, 623, 624, 625, 626, 627, 628, 629, 630, 631, 632, 633, 634, 635, 636, 637, 638, 639, 640, 641, 642, 643, 644, 645, 646, 647, 649, 664, 665, 666, 668, 669, 672, 674, 676, 678, 684, 689, 690, 692, 693, 695, 697, 698, 699, 700, 748, 749, 750, 752, 753, 754, 755, 756, 757, 758, 759, 760, 761, 762, 763, 764, 765, 766, 767, 768, 769, 770, 771, 772, 773, 774, 775, 776, 777, 778, 779, 780, 781, 782, 783, 784, 785, 786, 787, 788, 789, 790, 791, 792, 793, 794, 795, 796, 797, 798, 799, 800]\n"
     ]
    }
   ],
   "source": [
    "file_names = tinydict['file_name']\n",
    "file_dict = []\n",
    "for file_name in file_names:\n",
    "    file_name = str(file_name).strip('()').split(',')\n",
    "    for file in file_name:\n",
    "        file_dict.append(int(file.strip(\"''\").split('/')[6].split('.')[0][19:]))\n",
    "        # print(file.strip(\"''\").split('/')[6].split('.')[0][19:])\n",
    "print(file_dict)"
   ]
  },
  {
   "cell_type": "code",
   "execution_count": 3,
   "metadata": {},
   "outputs": [],
   "source": [
    "with open('/home/hgh/hghData/Datasets/dataset_dict.pkl', 'rb') as fo:\n",
    "    tinydict2 = pickle.load(fo, encoding='bytes')"
   ]
  },
  {
   "cell_type": "code",
   "execution_count": 4,
   "metadata": {},
   "outputs": [
    {
     "name": "stdout",
     "output_type": "stream",
     "text": [
      "[[ 0.99934383 -0.03606395  0.00336276]\n",
      " [ 0.03610734  0.99925146 -0.01388445]\n",
      " [-0.00285951  0.01399676  0.99989795]]\n"
     ]
    }
   ],
   "source": [
    "ground_truth = [[],[],[],[],[],[],[],[]]\n",
    "pred = [[],[],[],[],[],[],[],[]]\n",
    "RMat = [[],[],[],[],[],[],[],[]]\n",
    "for i in range(len(file_dict)):\n",
    "    number = int((file_dict[i] - 1)/100)\n",
    "    ground_truth[number].append(tinydict['label'][i])\n",
    "    pred[number].append(tinydict['pred_gaze'][i])\n",
    "    RMat[number].append(tinydict2[i]['R'])\n",
    "for i in range(len(ground_truth)):\n",
    "    ground_truth[i] = np.vstack(ground_truth[i])\n",
    "    pred[i] = np.vstack(pred[i])\n",
    "print(RMat[0][0])"
   ]
  },
  {
   "cell_type": "code",
   "execution_count": 5,
   "metadata": {},
   "outputs": [
    {
     "name": "stdout",
     "output_type": "stream",
     "text": [
      "[array([[ 0.99934383, -0.03606395,  0.00336276],\n",
      "       [ 0.03610734,  0.99925146, -0.01388445],\n",
      "       [-0.00285951,  0.01399676,  0.99989795]]), array([[ 0.99973859, -0.02249691,  0.00407825],\n",
      "       [ 0.02256111,  0.99961019, -0.0164456 ],\n",
      "       [-0.00370668,  0.01653332,  0.99985644]]), array([[ 0.99983164, -0.01774629,  0.00466459],\n",
      "       [ 0.01781641,  0.99972196, -0.01544613],\n",
      "       [-0.00438918,  0.01552664,  0.99986982]]), array([[ 0.99965685, -0.02579486,  0.00456191],\n",
      "       [ 0.02585625,  0.99956829, -0.0139534 ],\n",
      "       [-0.00420001,  0.01406656,  0.99989224]]), array([[ 0.99983171, -0.01708909,  0.00667257],\n",
      "       [ 0.01721608,  0.99966237, -0.01946139],\n",
      "       [-0.00633774,  0.01957299,  0.99978834]]), array([[ 0.99985343, -0.01577098,  0.00666264],\n",
      "       [ 0.01588798,  0.99971373, -0.01788933],\n",
      "       [-0.0063786 ,  0.01799256,  0.99981777]]), array([[ 0.99980547, -0.01829084,  0.00738018],\n",
      "       [ 0.01846575,  0.99953239, -0.02437266],\n",
      "       [-0.00693093,  0.0245042 ,  0.9996757 ]]), array([[ 0.99997291,  0.00648562,  0.00348082],\n",
      "       [-0.00640674,  0.99973275, -0.02221199],\n",
      "       [-0.00362395,  0.02218908,  0.99974722]]), array([[ 9.99821443e-01,  1.88838325e-02,  6.95544795e-04],\n",
      "       [-1.88634273e-02,  9.99569225e-01, -2.24841022e-02],\n",
      "       [-1.11983119e-03,  2.24669671e-02,  9.99746959e-01]]), array([[ 9.99961209e-01,  8.75051485e-03, -1.00426347e-03],\n",
      "       [-8.77126339e-03,  9.99698081e-01, -2.29523912e-02],\n",
      "       [ 8.03115021e-04,  2.29603095e-02,  9.99736055e-01]]), array([[ 0.99999129, -0.00348299,  0.00229995],\n",
      "       [ 0.00353927,  0.99968269, -0.0249398 ],\n",
      "       [-0.00221236,  0.02494772,  0.99968631]]), array([[ 0.99990914,  0.01343994,  0.00103997],\n",
      "       [-0.01341239,  0.99964406, -0.02306224],\n",
      "       [-0.00134955,  0.02304619,  0.99973349]]), array([[ 9.99766040e-01,  2.16215170e-02, -6.11782217e-04],\n",
      "       [-2.16301240e-02,  9.99422572e-01, -2.62042017e-02],\n",
      "       [ 4.48543658e-05,  2.62113039e-02,  9.99656424e-01]]), array([[ 0.9999389 , -0.01077113,  0.00248582],\n",
      "       [ 0.01083384,  0.99958297, -0.02676777],\n",
      "       [-0.00219647,  0.02679306,  0.99963859]]), array([[ 0.99950833,  0.03108199, -0.00412451],\n",
      "       [-0.03117379,  0.99921467, -0.02445883],\n",
      "       [ 0.00336104,  0.02457538,  0.99969233]]), array([[ 0.99988206,  0.01414995, -0.0059706 ],\n",
      "       [-0.01432424,  0.99944016, -0.03023548],\n",
      "       [ 0.00553943,  0.03031744,  0.99952497]]), array([[ 0.99999358, -0.00326221, -0.00148563],\n",
      "       [ 0.00321861,  0.99958975, -0.02845987],\n",
      "       [ 0.00157786,  0.02845491,  0.99959383]]), array([[ 0.9998337 ,  0.01712815, -0.00626143],\n",
      "       [-0.0172866 ,  0.99950739, -0.02619452],\n",
      "       [ 0.00580968,  0.02629841,  0.99963725]]), array([[ 9.99997824e-01,  9.40765603e-04,  1.86175520e-03],\n",
      "       [-8.88470063e-04,  9.99610503e-01, -2.78935962e-02],\n",
      "       [-1.88727139e-03,  2.78918814e-02,  9.99609164e-01]]), array([[ 0.99962495, -0.02671865,  0.00600615],\n",
      "       [ 0.0268838 ,  0.99920786, -0.02934149],\n",
      "       [-0.00521743,  0.02949195,  0.9995514 ]]), array([[ 0.9997975 , -0.01900776,  0.00660772],\n",
      "       [ 0.01918782,  0.99941393, -0.02834818],\n",
      "       [-0.00606502,  0.02846923,  0.99957627]]), array([[ 0.99990566,  0.01367256,  0.00131611],\n",
      "       [-0.01363404,  0.99957377, -0.02581473],\n",
      "       [-0.0016685 ,  0.02579435,  0.99966588]]), array([[ 0.99975259,  0.0221676 ,  0.00183259],\n",
      "       [-0.0221136 ,  0.99942907, -0.02554442],\n",
      "       [-0.0023978 ,  0.02549757,  0.99967201]]), array([[ 0.99996577, -0.00684808,  0.00464278],\n",
      "       [ 0.00697136,  0.999609  , -0.02707854],\n",
      "       [-0.00445553,  0.02710998,  0.99962253]]), array([[ 0.99978028, -0.00341667,  0.02068125],\n",
      "       [ 0.00386914,  0.99975317, -0.02187771],\n",
      "       [-0.02060139,  0.02195292,  0.99954672]]), array([[ 0.99998135, -0.00336496,  0.0050971 ],\n",
      "       [ 0.0034872 ,  0.99970187, -0.02416633],\n",
      "       [-0.00501426,  0.02418366,  0.99969496]]), array([[ 0.99993343, -0.00369077,  0.01093194],\n",
      "       [ 0.00390358,  0.99980205, -0.01950957],\n",
      "       [-0.01085777,  0.01955095,  0.9997499 ]]), array([[ 0.99988442, -0.01065659,  0.01084318],\n",
      "       [ 0.01090152,  0.99968094, -0.02278555],\n",
      "       [-0.01059691,  0.02290112,  0.99968157]]), array([[ 0.99989256, -0.0111836 ,  0.00947637],\n",
      "       [ 0.01138893,  0.99969533, -0.0218986 ],\n",
      "       [-0.00922858,  0.02200418,  0.99971528]]), array([[ 0.99976567, -0.02113318,  0.00469039],\n",
      "       [ 0.02124267,  0.9994699 , -0.0246712 ],\n",
      "       [-0.00416652,  0.02476506,  0.99968462]]), array([[ 0.9993394 , -0.03481527,  0.01042377],\n",
      "       [ 0.03507853,  0.99904004, -0.0262391 ],\n",
      "       [-0.00950024,  0.02658742,  0.99960135]]), array([[ 0.99992264,  0.00589402,  0.01095319],\n",
      "       [-0.00567543,  0.99978622, -0.0198825 ],\n",
      "       [-0.01106804,  0.0198188 ,  0.99974232]]), array([[ 0.99933506, -0.03577277,  0.00705298],\n",
      "       [ 0.03588814,  0.99921169, -0.01697201],\n",
      "       [-0.00644029,  0.01721384,  0.99983109]]), array([[ 9.99830619e-01,  7.30717342e-04, -1.83901829e-02],\n",
      "       [-1.13451413e-03,  9.99758287e-01, -2.19563472e-02],\n",
      "       [ 1.83696939e-02,  2.19734922e-02,  9.99589776e-01]]), array([[ 0.99971489,  0.01080896, -0.02129105],\n",
      "       [-0.01119858,  0.99977044, -0.01826613],\n",
      "       [ 0.02108872,  0.01849936,  0.99960644]]), array([[ 0.999807  ,  0.018148  ,  0.00752437],\n",
      "       [-0.01803155,  0.99972086, -0.01526636],\n",
      "       [-0.00779932,  0.01512774,  0.99985515]]), array([[ 0.99920453, -0.03782271,  0.01263912],\n",
      "       [ 0.03811611,  0.9989889 , -0.02384002],\n",
      "       [-0.01172464,  0.02430281,  0.99963589]]), array([[ 0.99980365, -0.01629319,  0.01127798],\n",
      "       [ 0.01657195,  0.99954803, -0.02508202],\n",
      "       [-0.01086421,  0.025264  ,  0.99962178]]), array([[ 0.9998675 , -0.010522  ,  0.01242025],\n",
      "       [ 0.01079508,  0.99969687, -0.02212791],\n",
      "       [-0.01218365,  0.02225905,  0.99967799]]), array([[ 0.99966474, -0.02234152,  0.01308713],\n",
      "       [ 0.02266441,  0.99942883, -0.02506685],\n",
      "       [-0.01251962,  0.02535506,  0.99960011]]), array([[ 0.99994371,  0.00642005, -0.00844778],\n",
      "       [-0.00663872,  0.99963685, -0.02611684],\n",
      "       [ 0.00827704,  0.02617145,  0.9996232 ]]), array([[ 0.99989093, -0.00846583,  0.01210171],\n",
      "       [ 0.00873867,  0.99970474, -0.02267319],\n",
      "       [-0.01190619,  0.02277647,  0.99966968]]), array([[ 0.99995417, -0.00887518,  0.00358898],\n",
      "       [ 0.00896202,  0.99964847, -0.02495224],\n",
      "       [-0.00336627,  0.02498326,  0.9996822 ]]), array([[ 0.99959036, -0.02763606,  0.00744079],\n",
      "       [ 0.02782224,  0.99926938, -0.02620356],\n",
      "       [-0.00671119,  0.02639984,  0.99962894]]), array([[ 0.9998322 , -0.01597305,  0.00896809],\n",
      "       [ 0.01618494,  0.99957917, -0.02407357],\n",
      "       [-0.00857979,  0.02421468,  0.99966996]]), array([[ 0.99991161, -0.01101164,  0.00745123],\n",
      "       [ 0.01119427,  0.99962656, -0.02492829],\n",
      "       [-0.00717394,  0.0250095 ,  0.99966147]]), array([[ 0.99994509, -0.00714718,  0.00766396],\n",
      "       [ 0.00732193,  0.99970814, -0.02302216],\n",
      "       [-0.00749718,  0.02307701,  0.99970558]]), array([[ 0.99992474,  0.01220208,  0.00127398],\n",
      "       [-0.01216974,  0.999664  , -0.02288616],\n",
      "       [-0.00155281,  0.02286894,  0.99973727]]), array([[ 0.99963905, -0.02540326,  0.0087435 ],\n",
      "       [ 0.02562854,  0.99931498, -0.02669753],\n",
      "       [-0.0080593 ,  0.02691198,  0.99960532]]), array([[ 0.99997368, -0.00417575, -0.00593323],\n",
      "       [ 0.00399133,  0.99951878, -0.03076159],\n",
      "       [ 0.00605883,  0.0307371 ,  0.99950914]]), array([[ 0.99998821,  0.00159997,  0.00458369],\n",
      "       [-0.00148209,  0.99967104, -0.02560494],\n",
      "       [-0.00462315,  0.02559784,  0.99966163]]), array([[ 0.99999307, -0.0031195 ,  0.00203272],\n",
      "       [ 0.00316979,  0.99967677, -0.02522529],\n",
      "       [-0.00195337,  0.02523156,  0.99967973]]), array([[ 9.99997192e-01, -5.29114093e-04,  2.31011423e-03],\n",
      "       [ 5.92920555e-04,  9.99615891e-01, -2.77077356e-02],\n",
      "       [-2.29456635e-03,  2.77090275e-02,  9.99613398e-01]]), array([[ 9.99975193e-01,  6.99076795e-03,  8.61680493e-04],\n",
      "       [-6.96184860e-03,  9.99527736e-01, -2.99305482e-02],\n",
      "       [-1.07051107e-03,  2.99238068e-02,  9.99551609e-01]]), array([[ 0.99992178, -0.01166441,  0.00451466],\n",
      "       [ 0.01179338,  0.99948991, -0.02967895],\n",
      "       [-0.00416617,  0.02972987,  0.99954929]]), array([[ 0.99998911,  0.00400341,  0.00239948],\n",
      "       [-0.00394136,  0.99967147, -0.02532606],\n",
      "       [-0.00250008,  0.02531632,  0.99967636]]), array([[ 0.99998705, -0.00465662,  0.00205304],\n",
      "       [ 0.00471341,  0.99958031, -0.02858287],\n",
      "       [-0.00191908,  0.02859218,  0.99958932]]), array([[ 0.99997173, -0.00691272,  0.00295848],\n",
      "       [ 0.0069953 ,  0.99955838, -0.02888092],\n",
      "       [-0.00275753,  0.0289008 ,  0.99957848]]), array([[ 0.99997039,  0.00728495,  0.00247857],\n",
      "       [-0.00719698,  0.99940196, -0.03382208],\n",
      "       [-0.00272348,  0.03380324,  0.9994248 ]]), array([[ 0.99974267,  0.02241307,  0.00349829],\n",
      "       [-0.02230996,  0.99938217, -0.02715772],\n",
      "       [-0.00410481,  0.02707269,  0.99962504]]), array([[ 0.99988746,  0.01466232,  0.00317562],\n",
      "       [-0.01455667,  0.99941134, -0.03106579],\n",
      "       [-0.00362925,  0.03101606,  0.9995123 ]]), array([[ 0.99976334,  0.02084626,  0.00622122],\n",
      "       [-0.02064374,  0.99930582, -0.03101145],\n",
      "       [-0.00686338,  0.03087568,  0.99949967]]), array([[ 0.9995617 ,  0.02940035,  0.00346876],\n",
      "       [-0.02928623,  0.99914098, -0.02931937],\n",
      "       [-0.00432778,  0.02920493,  0.99956408]]), array([[ 0.99998451,  0.00182462,  0.00525762],\n",
      "       [-0.00166926,  0.99956626, -0.02940247],\n",
      "       [-0.00530899,  0.02939324,  0.99955383]]), array([[ 0.99997406,  0.00704022,  0.00152289],\n",
      "       [-0.00698762,  0.99945852, -0.03215337],\n",
      "       [-0.00174843,  0.03214189,  0.99948179]]), array([[ 0.99965832,  0.02587722,  0.00369046],\n",
      "       [-0.02576631,  0.99929062, -0.02746558],\n",
      "       [-0.00439857,  0.0273611 ,  0.99961594]]), array([[ 0.99989641,  0.01391732,  0.00367094],\n",
      "       [-0.01379626,  0.99941899, -0.03116642],\n",
      "       [-0.00410256,  0.03111255,  0.99950747]]), array([[ 9.98960967e-01,  4.55582767e-02, -1.19566112e-03],\n",
      "       [-4.55733091e-02,  9.98462127e-01, -3.15666658e-02],\n",
      "       [-2.44300549e-04,  3.15883573e-02,  9.99500933e-01]]), array([[ 0.99963849,  0.02686488,  0.00108075],\n",
      "       [-0.02682232,  0.99922027, -0.02897282],\n",
      "       [-0.00185826,  0.02893335,  0.99957962]]), array([[ 9.99927149e-01, -1.20254051e-02,  1.04240383e-03],\n",
      "       [ 1.20529483e-02,  9.99398380e-01, -3.25208304e-02],\n",
      "       [-6.50700541e-04,  3.25310252e-02,  9.99470514e-01]]), array([[ 0.99958642,  0.02836613, -0.00472835],\n",
      "       [-0.02849237,  0.9991674 , -0.02920082],\n",
      "       [ 0.00389609,  0.02932346,  0.99956238]]), array([[ 9.99921840e-01, -1.24884550e-02,  5.93124589e-04],\n",
      "       [ 1.25004605e-02,  9.99494062e-01, -2.92465090e-02],\n",
      "       [-2.27580792e-04,  2.92516374e-02,  9.99572053e-01]]), array([[ 0.9994846 ,  0.03166483, -0.00527892],\n",
      "       [-0.03179217,  0.99915381, -0.02609449],\n",
      "       [ 0.00444818,  0.02624887,  0.99964554]]), array([[ 0.99936195, -0.02950385,  0.02012976],\n",
      "       [ 0.0299426 ,  0.99931267, -0.02185462],\n",
      "       [-0.01947113,  0.02244341,  0.99955849]]), array([[ 0.99929577, -0.03311237,  0.01765017],\n",
      "       [ 0.03346611,  0.99923695, -0.02013801],\n",
      "       [-0.01696988,  0.02071451,  0.9996414 ]]), array([[ 0.99941804, -0.03168177,  0.01264341],\n",
      "       [ 0.03194408,  0.99926661, -0.02111439],\n",
      "       [-0.01196519,  0.02150599,  0.99969712]]), array([[ 0.99987919, -0.0132552 ,  0.00811853],\n",
      "       [ 0.01343969,  0.99964263, -0.02310833],\n",
      "       [-0.00780932,  0.02321465,  0.9997    ]]), array([[ 0.99995077, -0.00636641,  0.00761135],\n",
      "       [ 0.00653978,  0.99971464, -0.02297533],\n",
      "       [-0.00746291,  0.02302397,  0.99970706]]), array([[ 0.99990316, -0.00812062,  0.0113013 ],\n",
      "       [ 0.00837722,  0.99970388, -0.02284674],\n",
      "       [-0.01111243,  0.0229392 ,  0.9996751 ]]), array([[ 0.99952631, -0.02836461,  0.01194159],\n",
      "       [ 0.02868802,  0.99920053, -0.02784419],\n",
      "       [-0.01114226,  0.02817358,  0.99954094]]), array([[ 0.99989824, -0.00896027,  0.01110056],\n",
      "       [ 0.00924818,  0.99961491, -0.02616289],\n",
      "       [-0.01086186,  0.02626288,  0.99959606]]), array([[ 0.99959202, -0.02559775,  0.01267096],\n",
      "       [ 0.02593962,  0.99928256, -0.02759534],\n",
      "       [-0.01195549,  0.02791276,  0.99953887]]), array([[ 0.9996543 , -0.0231069 ,  0.01254365],\n",
      "       [ 0.02341744,  0.99940807, -0.02520171],\n",
      "       [-0.01195389,  0.02548674,  0.99960369]]), array([[ 0.99981948, -0.01638612,  0.00961757],\n",
      "       [ 0.01664193,  0.99949284, -0.02714973],\n",
      "       [-0.00916782,  0.02730489,  0.99958511]]), array([[ 0.99950037, -0.0289249 ,  0.01274194],\n",
      "       [ 0.02926351,  0.99920044, -0.02724219],\n",
      "       [-0.01194377,  0.02760146,  0.99954765]]), array([[ 0.99991317, -0.00975875,  0.00885534],\n",
      "       [ 0.00998787,  0.99960659, -0.02620911],\n",
      "       [-0.00859609,  0.02629528,  0.99961726]]), array([[ 0.99981916, -0.01558167,  0.01090225],\n",
      "       [ 0.01584125,  0.999583  , -0.0241428 ],\n",
      "       [-0.01052152,  0.02431114,  0.99964907]]), array([[ 0.99978875,  0.02049581,  0.00153955],\n",
      "       [-0.02046635,  0.99964275, -0.01719035],\n",
      "       [-0.00189133,  0.01715521,  0.99985105]]), array([[ 0.99990708, -0.00958765,  0.00969024],\n",
      "       [ 0.00982494,  0.99964553, -0.02474424],\n",
      "       [-0.00944956,  0.02483715,  0.99964685]]), array([[ 0.99976377, -0.0187151 ,  0.01105229],\n",
      "       [ 0.01901235,  0.99944285, -0.02743201],\n",
      "       [-0.01053273,  0.02763566,  0.99956257]]), array([[ 9.99995797e-01, -8.72934345e-04,  2.76461304e-03],\n",
      "       [ 9.47283721e-04,  9.99634793e-01, -2.70071059e-02],\n",
      "       [-2.74002795e-03,  2.70096113e-02,  9.99631419e-01]]), array([[ 0.99988027,  0.01526518,  0.00253495],\n",
      "       [-0.01518674,  0.99947793, -0.02851713],\n",
      "       [-0.00296895,  0.02847521,  0.99959009]]), array([[ 0.99996148,  0.00639694, -0.00600967],\n",
      "       [-0.00654831,  0.99965302, -0.02551385],\n",
      "       [ 0.00584438,  0.02555222,  0.9996564 ]]), array([[ 0.99968953,  0.02449802,  0.00454903],\n",
      "       [-0.02436706,  0.99934104, -0.02690214],\n",
      "       [-0.00520508,  0.02678294,  0.99962772]]), array([[ 0.99980009, -0.0177505 ,  0.00920359],\n",
      "       [ 0.01802546,  0.9993659 , -0.03070643],\n",
      "       [-0.0086527 ,  0.03086619,  0.99948607]]), array([[ 0.99986417,  0.01552737,  0.00552676],\n",
      "       [-0.0153602 ,  0.99945835, -0.02910435],\n",
      "       [-0.00597568,  0.02901551,  0.9995611 ]]), array([[ 0.9999176 , -0.00984441,  0.00823925],\n",
      "       [ 0.0100682 ,  0.99956898, -0.0275769 ],\n",
      "       [-0.00796423,  0.02765758,  0.99958573]]), array([[ 0.99982236,  0.01830539,  0.00448957],\n",
      "       [-0.0181796 ,  0.99948033, -0.02661896],\n",
      "       [-0.0049745 ,  0.02653261,  0.99963557]]), array([[ 0.99957848, -0.0036102 , -0.0288066 ],\n",
      "       [ 0.00232879,  0.99901142, -0.04439327],\n",
      "       [ 0.02893839,  0.04430748,  0.99859873]]), array([[ 0.99971128, -0.02008166, -0.01319412],\n",
      "       [ 0.01946974,  0.99879834, -0.04497571],\n",
      "       [ 0.01408145,  0.04470584,  0.99890095]])]\n"
     ]
    }
   ],
   "source": [
    "# 处理\n",
    "print(RMat[0])"
   ]
  },
  {
   "cell_type": "code",
   "execution_count": 6,
   "metadata": {},
   "outputs": [
    {
     "name": "stdout",
     "output_type": "stream",
     "text": [
      "[-0.16203392 -0.14296676  0.97637366]\n",
      "[[ 0.99934383 -0.03606395  0.00336276]\n",
      " [ 0.03610734  0.99925146 -0.01388445]\n",
      " [-0.00200166  0.00979773  0.69992857]]\n",
      "[[ 0.99973859 -0.02249691  0.00407825]\n",
      " [ 0.02256111  0.99961019 -0.0164456 ]\n",
      " [-0.00259468  0.01157332  0.69989951]]\n",
      "[[ 0.99983164 -0.01774629  0.00466459]\n",
      " [ 0.01781641  0.99972196 -0.01544613]\n",
      " [-0.00307243  0.01086865  0.69990887]]\n",
      "[[ 0.99965685 -0.02579486  0.00456191]\n",
      " [ 0.02585625  0.99956829 -0.0139534 ]\n",
      " [-0.00294001  0.00984659  0.69992457]]\n",
      "[[ 0.99983171 -0.01708909  0.00667257]\n",
      " [ 0.01721608  0.99966237 -0.01946139]\n",
      " [-0.00443642  0.01370109  0.69985184]]\n",
      "[[ 0.99985343 -0.01577098  0.00666264]\n",
      " [ 0.01588798  0.99971373 -0.01788933]\n",
      " [-0.00446502  0.01259479  0.69987244]]\n",
      "[[ 0.99980547 -0.01829084  0.00738018]\n",
      " [ 0.01846575  0.99953239 -0.02437266]\n",
      " [-0.00485165  0.01715294  0.69977299]]\n",
      "[[ 0.99997291  0.00648562  0.00348082]\n",
      " [-0.00640674  0.99973275 -0.02221199]\n",
      " [-0.00253677  0.01553236  0.69982306]]\n",
      "[[ 9.99821443e-01  1.88838325e-02  6.95544795e-04]\n",
      " [-1.88634273e-02  9.99569225e-01 -2.24841022e-02]\n",
      " [-7.83881833e-04  1.57268770e-02  6.99822871e-01]]\n",
      "[[ 9.99961209e-01  8.75051485e-03 -1.00426347e-03]\n",
      " [-8.77126339e-03  9.99698081e-01 -2.29523912e-02]\n",
      " [ 5.62180514e-04  1.60722166e-02  6.99815238e-01]]\n",
      "[[ 0.99999129 -0.00348299  0.00229995]\n",
      " [ 0.00353927  0.99968269 -0.0249398 ]\n",
      " [-0.00154865  0.0174634   0.69978042]]\n",
      "[[ 9.99909139e-01  1.34399363e-02  1.03996903e-03]\n",
      " [-1.34123871e-02  9.99644057e-01 -2.30622385e-02]\n",
      " [-9.44687717e-04  1.61323362e-02  6.99813443e-01]]\n",
      "[[ 9.99766040e-01  2.16215170e-02 -6.11782217e-04]\n",
      " [-2.16301240e-02  9.99422572e-01 -2.62042017e-02]\n",
      " [ 3.13980560e-05  1.83479127e-02  6.99759497e-01]]\n",
      "[[ 0.9999389  -0.01077113  0.00248582]\n",
      " [ 0.01083384  0.99958297 -0.02676777]\n",
      " [-0.00153753  0.01875514  0.69974701]]\n",
      "[[ 0.99950833  0.03108199 -0.00412451]\n",
      " [-0.03117379  0.99921467 -0.02445883]\n",
      " [ 0.00235273  0.01720277  0.69978463]]\n",
      "[[ 0.99988206  0.01414995 -0.0059706 ]\n",
      " [-0.01432424  0.99944016 -0.03023548]\n",
      " [ 0.0038776   0.02122221  0.69966748]]\n",
      "[[ 0.99999358 -0.00326221 -0.00148563]\n",
      " [ 0.00321861  0.99958975 -0.02845987]\n",
      " [ 0.00110451  0.01991844  0.69971568]]\n",
      "[[ 0.9998337   0.01712815 -0.00626143]\n",
      " [-0.0172866   0.99950739 -0.02619452]\n",
      " [ 0.00406677  0.01840888  0.69974608]]\n",
      "[[ 9.99997824e-01  9.40765603e-04  1.86175520e-03]\n",
      " [-8.88470063e-04  9.99610503e-01 -2.78935962e-02]\n",
      " [-1.32108998e-03  1.95243170e-02  6.99726415e-01]]\n",
      "[[ 0.99962495 -0.02671865  0.00600615]\n",
      " [ 0.0268838   0.99920786 -0.02934149]\n",
      " [-0.0036522   0.02064437  0.69968598]]\n",
      "[[ 0.9997975  -0.01900776  0.00660772]\n",
      " [ 0.01918782  0.99941393 -0.02834818]\n",
      " [-0.00424551  0.01992846  0.69970339]]\n",
      "[[ 0.99990566  0.01367256  0.00131611]\n",
      " [-0.01363404  0.99957377 -0.02581473]\n",
      " [-0.00116795  0.01805604  0.69976611]]\n",
      "[[ 0.99975259  0.0221676   0.00183259]\n",
      " [-0.0221136   0.99942907 -0.02554442]\n",
      " [-0.00167846  0.0178483   0.69977041]]\n",
      "[[ 0.99996577 -0.00684808  0.00464278]\n",
      " [ 0.00697136  0.999609   -0.02707854]\n",
      " [-0.00311887  0.01897699  0.69973577]]\n",
      "[[ 0.99978028 -0.00341667  0.02068125]\n",
      " [ 0.00386914  0.99975317 -0.02187771]\n",
      " [-0.01442098  0.01536704  0.69968271]]\n",
      "[[ 0.99998135 -0.00336496  0.0050971 ]\n",
      " [ 0.0034872   0.99970187 -0.02416633]\n",
      " [-0.00350998  0.01692856  0.69978647]]\n",
      "[[ 0.99993343 -0.00369077  0.01093194]\n",
      " [ 0.00390358  0.99980205 -0.01950957]\n",
      " [-0.00760044  0.01368566  0.69982493]]\n",
      "[[ 0.99988442 -0.01065659  0.01084318]\n",
      " [ 0.01090152  0.99968094 -0.02278555]\n",
      " [-0.00741783  0.01603078  0.6997771 ]]\n",
      "[[ 0.99989256 -0.0111836   0.00947637]\n",
      " [ 0.01138893  0.99969533 -0.0218986 ]\n",
      " [-0.00646     0.01540292  0.6998007 ]]\n",
      "[[ 0.99976567 -0.02113318  0.00469039]\n",
      " [ 0.02124267  0.9994699  -0.0246712 ]\n",
      " [-0.00291657  0.01733554  0.69977923]]\n",
      "[[ 0.9993394  -0.03481527  0.01042377]\n",
      " [ 0.03507853  0.99904004 -0.0262391 ]\n",
      " [-0.00665017  0.01861119  0.69972094]]\n",
      "[[ 0.99992264  0.00589402  0.01095319]\n",
      " [-0.00567543  0.99978622 -0.0198825 ]\n",
      " [-0.00774763  0.01387316  0.69981963]]\n",
      "[[ 0.99933506 -0.03577277  0.00705298]\n",
      " [ 0.03588814  0.99921169 -0.01697201]\n",
      " [-0.0045082   0.01204969  0.69988176]]\n",
      "[[ 9.99830619e-01  7.30717342e-04 -1.83901829e-02]\n",
      " [-1.13451413e-03  9.99758287e-01 -2.19563472e-02]\n",
      " [ 1.28587857e-02  1.53814445e-02  6.99712843e-01]]\n",
      "[[ 0.99971489  0.01080896 -0.02129105]\n",
      " [-0.01119858  0.99977044 -0.01826613]\n",
      " [ 0.0147621   0.01294955  0.69972451]]\n",
      "[[ 0.999807    0.018148    0.00752437]\n",
      " [-0.01803155  0.99972086 -0.01526636]\n",
      " [-0.00545952  0.01058942  0.69989861]]\n",
      "[[ 0.99920453 -0.03782271  0.01263912]\n",
      " [ 0.03811611  0.9989889  -0.02384002]\n",
      " [-0.00820725  0.01701197  0.69974512]]\n",
      "[[ 0.99980365 -0.01629319  0.01127798]\n",
      " [ 0.01657195  0.99954803 -0.02508202]\n",
      " [-0.00760495  0.0176848   0.69973524]]\n",
      "[[ 0.9998675  -0.010522    0.01242025]\n",
      " [ 0.01079508  0.99969687 -0.02212791]\n",
      " [-0.00852856  0.01558134  0.6997746 ]]\n",
      "[[ 0.99966474 -0.02234152  0.01308713]\n",
      " [ 0.02266441  0.99942883 -0.02506685]\n",
      " [-0.00876373  0.01774854  0.69972008]]\n",
      "[[ 0.99994371  0.00642005 -0.00844778]\n",
      " [-0.00663872  0.99963685 -0.02611684]\n",
      " [ 0.00579393  0.01832002  0.69973624]]\n",
      "[[ 0.99989093 -0.00846583  0.01210171]\n",
      " [ 0.00873867  0.99970474 -0.02267319]\n",
      " [-0.00833433  0.01594353  0.69976878]]\n",
      "[[ 0.99995417 -0.00887518  0.00358898]\n",
      " [ 0.00896202  0.99964847 -0.02495224]\n",
      " [-0.00235639  0.01748829  0.69977754]]\n",
      "[[ 0.99959036 -0.02763606  0.00744079]\n",
      " [ 0.02782224  0.99926938 -0.02620356]\n",
      " [-0.00469784  0.01847989  0.69974025]]\n",
      "[[ 0.9998322  -0.01597305  0.00896809]\n",
      " [ 0.01618494  0.99957917 -0.02407357]\n",
      " [-0.00600585  0.01695027  0.69976897]]\n",
      "[[ 0.99991161 -0.01101164  0.00745123]\n",
      " [ 0.01119427  0.99962656 -0.02492829]\n",
      " [-0.00502176  0.01750665  0.69976303]]\n",
      "[[ 0.99994509 -0.00714718  0.00766396]\n",
      " [ 0.00732193  0.99970814 -0.02302216]\n",
      " [-0.00524803  0.01615391  0.69979391]]\n",
      "[[ 0.99992474  0.01220208  0.00127398]\n",
      " [-0.01216974  0.999664   -0.02288616]\n",
      " [-0.00108697  0.01600826  0.69981609]]\n",
      "[[ 0.99963905 -0.02540326  0.0087435 ]\n",
      " [ 0.02562854  0.99931498 -0.02669753]\n",
      " [-0.00564151  0.01883838  0.69972372]]\n",
      "[[ 0.99997368 -0.00417575 -0.00593323]\n",
      " [ 0.00399133  0.99951878 -0.03076159]\n",
      " [ 0.00424118  0.02151597  0.6996564 ]]\n",
      "[[ 0.99998821  0.00159997  0.00458369]\n",
      " [-0.00148209  0.99967104 -0.02560494]\n",
      " [-0.0032362   0.01791849  0.69976314]]\n",
      "[[ 0.99999307 -0.0031195   0.00203272]\n",
      " [ 0.00316979  0.99967677 -0.02522529]\n",
      " [-0.00136736  0.01766209  0.69977581]]\n",
      "[[ 9.99997192e-01 -5.29114093e-04  2.31011423e-03]\n",
      " [ 5.92920555e-04  9.99615891e-01 -2.77077356e-02]\n",
      " [-1.60619644e-03  1.93963192e-02  6.99729378e-01]]\n",
      "[[ 9.99975193e-01  6.99076795e-03  8.61680493e-04]\n",
      " [-6.96184860e-03  9.99527736e-01 -2.99305482e-02]\n",
      " [-7.49357748e-04  2.09466647e-02  6.99686127e-01]]\n",
      "[[ 0.99992178 -0.01166441  0.00451466]\n",
      " [ 0.01179338  0.99948991 -0.02967895]\n",
      " [-0.00291632  0.02081091  0.6996845 ]]\n",
      "[[ 0.99998911  0.00400341  0.00239948]\n",
      " [-0.00394136  0.99967147 -0.02532606]\n",
      " [-0.00175006  0.01772143  0.69977346]]\n",
      "[[ 0.99998705 -0.00465662  0.00205304]\n",
      " [ 0.00471341  0.99958031 -0.02858287]\n",
      " [-0.00134336  0.02001452  0.69971252]]\n",
      "[[ 0.99997173 -0.00691272  0.00295848]\n",
      " [ 0.0069953   0.99955838 -0.02888092]\n",
      " [-0.00193027  0.02023056  0.69970494]]\n",
      "[[ 0.99997039  0.00728495  0.00247857]\n",
      " [-0.00719698  0.99940196 -0.03382208]\n",
      " [-0.00190644  0.02366227  0.69959736]]\n",
      "[[ 0.99974267  0.02241307  0.00349829]\n",
      " [-0.02230996  0.99938217 -0.02715772]\n",
      " [-0.00287337  0.01895088  0.69973753]]\n",
      "[[ 0.99988746  0.01466232  0.00317562]\n",
      " [-0.01455667  0.99941134 -0.03106579]\n",
      " [-0.00254048  0.02171124  0.69965861]]\n",
      "[[ 0.99976334  0.02084626  0.00622122]\n",
      " [-0.02064374  0.99930582 -0.03101145]\n",
      " [-0.00480436  0.02161298  0.69964977]]\n",
      "[[ 0.9995617   0.02940035  0.00346876]\n",
      " [-0.02928623  0.99914098 -0.02931937]\n",
      " [-0.00302945  0.02044345  0.69969485]]\n",
      "[[ 0.99998451  0.00182462  0.00525762]\n",
      " [-0.00166926  0.99956626 -0.02940247]\n",
      " [-0.00371629  0.02057527  0.69968768]]\n",
      "[[ 0.99997406  0.00704022  0.00152289]\n",
      " [-0.00698762  0.99945852 -0.03215337]\n",
      " [-0.0012239   0.02249932  0.69963725]]\n",
      "[[ 0.99965832  0.02587722  0.00369046]\n",
      " [-0.02576631  0.99929062 -0.02746558]\n",
      " [-0.003079    0.01915277  0.69973116]]\n",
      "[[ 0.99989641  0.01391732  0.00367094]\n",
      " [-0.01379626  0.99941899 -0.03116642]\n",
      " [-0.00287179  0.02177878  0.69965523]]\n",
      "[[ 9.98960967e-01  4.55582767e-02 -1.19566112e-03]\n",
      " [-4.55733091e-02  9.98462127e-01 -3.15666658e-02]\n",
      " [-1.71010385e-04  2.21118501e-02  6.99650653e-01]]\n",
      "[[ 0.99963849  0.02686488  0.00108075]\n",
      " [-0.02682232  0.99922027 -0.02897282]\n",
      " [-0.00130078  0.02025335  0.69970573]]\n",
      "[[ 9.99927149e-01 -1.20254051e-02  1.04240383e-03]\n",
      " [ 1.20529483e-02  9.99398380e-01 -3.25208304e-02]\n",
      " [-4.55490379e-04  2.27717177e-02  6.99629360e-01]]\n",
      "[[ 0.99958642  0.02836613 -0.00472835]\n",
      " [-0.02849237  0.9991674  -0.02920082]\n",
      " [ 0.00272727  0.02052642  0.69969367]]\n",
      "[[ 9.99921840e-01 -1.24884550e-02  5.93124589e-04]\n",
      " [ 1.25004605e-02  9.99494062e-01 -2.92465090e-02]\n",
      " [-1.59306555e-04  2.04761462e-02  6.99700437e-01]]\n",
      "[[ 0.9994846   0.03166483 -0.00527892]\n",
      " [-0.03179217  0.99915381 -0.02609449]\n",
      " [ 0.00311373  0.01837421  0.69975188]]\n",
      "[[ 0.99936195 -0.02950385  0.02012976]\n",
      " [ 0.0299426   0.99931267 -0.02185462]\n",
      " [-0.01362979  0.01571039  0.69969094]]\n",
      "[[ 0.99929577 -0.03311237  0.01765017]\n",
      " [ 0.03346611  0.99923695 -0.02013801]\n",
      " [-0.01187892  0.01450016  0.69974898]]\n",
      "[[ 0.99941804 -0.03168177  0.01264341]\n",
      " [ 0.03194408  0.99926661 -0.02111439]\n",
      " [-0.00837563  0.01505419  0.69978798]]\n",
      "[[ 0.99987919 -0.0132552   0.00811853]\n",
      " [ 0.01343969  0.99964263 -0.02310833]\n",
      " [-0.00546653  0.01625026  0.69979   ]]\n",
      "[[ 0.99995077 -0.00636641  0.00761135]\n",
      " [ 0.00653978  0.99971464 -0.02297533]\n",
      " [-0.00522404  0.01611678  0.69979494]]\n",
      "[[ 0.99990316 -0.00812062  0.0113013 ]\n",
      " [ 0.00837722  0.99970388 -0.02284674]\n",
      " [-0.0077787   0.01605744  0.69977257]]\n",
      "[[ 0.99952631 -0.02836461  0.01194159]\n",
      " [ 0.02868802  0.99920053 -0.02784419]\n",
      " [-0.00779958  0.0197215   0.69967866]]\n",
      "[[ 0.99989824 -0.00896027  0.01110056]\n",
      " [ 0.00924818  0.99961491 -0.02616289]\n",
      " [-0.0076033   0.01838402  0.69971724]]\n",
      "[[ 0.99959202 -0.02559775  0.01267096]\n",
      " [ 0.02593962  0.99928256 -0.02759534]\n",
      " [-0.00836884  0.01953893  0.69967721]]\n",
      "[[ 0.9996543  -0.0231069   0.01254365]\n",
      " [ 0.02341744  0.99940807 -0.02520171]\n",
      " [-0.00836772  0.01784072  0.69972258]]\n",
      "[[ 0.99981948 -0.01638612  0.00961757]\n",
      " [ 0.01664193  0.99949284 -0.02714973]\n",
      " [-0.00641747  0.01911342  0.69970958]]\n",
      "[[ 0.99950037 -0.0289249   0.01274194]\n",
      " [ 0.02926351  0.99920044 -0.02724219]\n",
      " [-0.00836064  0.01932102  0.69968336]]\n",
      "[[ 0.99991317 -0.00975875  0.00885534]\n",
      " [ 0.00998787  0.99960659 -0.02620911]\n",
      " [-0.00601726  0.01840669  0.69973208]]\n",
      "[[ 0.99981916 -0.01558167  0.01090225]\n",
      " [ 0.01584125  0.999583   -0.0241428 ]\n",
      " [-0.00736507  0.0170178   0.69975435]]\n",
      "[[ 0.99978875  0.02049581  0.00153955]\n",
      " [-0.02046635  0.99964275 -0.01719035]\n",
      " [-0.00132393  0.01200865  0.69989573]]\n",
      "[[ 0.99990708 -0.00958765  0.00969024]\n",
      " [ 0.00982494  0.99964553 -0.02474424]\n",
      " [-0.00661469  0.017386    0.69975279]]\n",
      "[[ 0.99976377 -0.0187151   0.01105229]\n",
      " [ 0.01901235  0.99944285 -0.02743201]\n",
      " [-0.00737291  0.01934496  0.6996938 ]]\n",
      "[[ 9.99995797e-01 -8.72934345e-04  2.76461304e-03]\n",
      " [ 9.47283721e-04  9.99634793e-01 -2.70071059e-02]\n",
      " [-1.91801956e-03  1.89067279e-02  6.99741993e-01]]\n",
      "[[ 0.99988027  0.01526518  0.00253495]\n",
      " [-0.01518674  0.99947793 -0.02851713]\n",
      " [-0.00207826  0.01993265  0.69971306]]\n",
      "[[ 0.99996148  0.00639694 -0.00600967]\n",
      " [-0.00654831  0.99965302 -0.02551385]\n",
      " [ 0.00409106  0.01788655  0.69975948]]\n",
      "[[ 0.99968953  0.02449802  0.00454903]\n",
      " [-0.02436706  0.99934104 -0.02690214]\n",
      " [-0.00364356  0.01874806  0.6997394 ]]\n",
      "[[ 0.99980009 -0.0177505   0.00920359]\n",
      " [ 0.01802546  0.9993659  -0.03070643]\n",
      " [-0.00605689  0.02160633  0.69964025]]\n",
      "[[ 0.99986417  0.01552737  0.00552676]\n",
      " [-0.0153602   0.99945835 -0.02910435]\n",
      " [-0.00418298  0.02031085  0.69969277]]\n",
      "[[ 0.9999176  -0.00984441  0.00823925]\n",
      " [ 0.0100682   0.99956898 -0.0275769 ]\n",
      " [-0.00557496  0.01936031  0.69971001]]\n",
      "[[ 0.99982236  0.01830539  0.00448957]\n",
      " [-0.0181796   0.99948033 -0.02661896]\n",
      " [-0.00348215  0.01857283  0.6997449 ]]\n",
      "[[ 0.99957848 -0.0036102  -0.0288066 ]\n",
      " [ 0.00232879  0.99901142 -0.04439327]\n",
      " [ 0.02025687  0.03101523  0.69901911]]\n",
      "[[ 0.99971128 -0.02008166 -0.01319412]\n",
      " [ 0.01946974  0.99879834 -0.04497571]\n",
      " [ 0.00985702  0.03129409  0.69923066]]\n",
      "[[ 0.99931327 -0.03064587 -0.02082856]\n",
      " [ 0.02942302  0.9979589  -0.05667733]\n",
      " [ 0.01576608  0.0392179   0.69872268]]\n",
      "[[ 0.99940184 -0.02289648 -0.02591728]\n",
      " [ 0.02140048  0.99816772 -0.05659703]\n",
      " [ 0.01901596  0.03920597  0.69864246]]\n",
      "[[ 0.99912281  0.00957768 -0.04076616]\n",
      " [-0.01175431  0.99849906 -0.05349261]\n",
      " [ 0.02813485  0.03774741  0.69841504]]\n",
      "[[ 0.99955076  0.00219459 -0.02989073]\n",
      " [-0.00375013  0.99863563 -0.05208469]\n",
      " [ 0.02081495  0.03652137  0.69873667]]\n",
      "[[ 0.99958351 -0.00761575 -0.02783537]\n",
      " [ 0.00622943  0.9987519  -0.04955632]\n",
      " [ 0.01972463  0.03455359  0.69886836]]\n",
      "[[ 0.99948736 -0.01489669 -0.02833929]\n",
      " [ 0.01354146  0.99878292 -0.04742688]\n",
      " [ 0.02030791  0.03291317  0.69893084]]\n",
