camera_matrix:
- - 1251.7573136665083
  - 0.0
  - 730.3978087677947
- - 0.0
  - 1250.0294548099598
  - 472.246176583479
- - 0.0
  - 0.0
  - 1.0
camera_u: 960
camera_v: 1440
dist_coeff:
- - -0.04292709955115112
  - 0.9706910746562939
  - -0.005986948665160076
  - 0.0026738122791834097
  - -2.800797451340299
information: Camera calibration parameters
